5056
167 446
548 555
218 219
277 721
497 707
267 702
460 514
189 405
133 168
328 456
233 308
335 668
188 267
201 531
39 332
255 627
314 635
16 586
298 447
120 362
376 643
231 250
175 416
54 310
158 543
343 367
427 573
173 254
493 557
132 481
395 507
328 702
69 444
135 482
308 681
204 424
180 761
742 761
428 496
294 343
651 762
274 707
402 585
445 709
766 777
311 408
399 435
281 777
311 565
190 712
248 456
353 634
486 545
11 624
270 474
537 669
441 606
287 689
61 241
478 772
730 747
24 479
361 539
239 549
119 730
43 405
4 306
227 720
397 554
133 659
305 363
57 721
21 175
193 523
42 63
576 584
71 684
645 741
63 665
151 538
43 416
141 516
31 602
446 480
21 100
69 666
695 751
95 511
147 445
703 713
627 627
602 657
351 683
63 771
81 373
77 682
260 373
497 771
48 354
170 296
656 771
251 707
104 555
541 595
194 763
205 709
376 619
105 326
121 431
81 481
183 387
165 503
338 650
81 732
268 709
48 507
36 38
363 426
184 382
182 234
498 785
262 786
463 612
5 34
43 162
4 763
430 712
82 631
208 663
93 297
123 754
401 555
26 373
355 412
17 477
410 577
327 369
280 391
156 372
70 783
647 736
311 397
36 284
271 738
142 750
333 680
241 656
641 700
180 553
164 386
283 490
284 599
164 230
26 219
120 587
482 572
189 276
443 491
10 508
508 625
457 715
424 533
404 594
83 580
124 735
635 706
344 407
82 577
25 234
426 750
312 763
375 669
504 710
441 554
330 732
220 538
140 781
30 499
36 736
199 452
25 391
235 244
63 309
210 353
65 655
381 640
203 761
505 572
490 703
707 769
226 515
85 555
543 698
664 685
167 366
219 728
190 421
556 694
93 260
312 782
124 510
385 608
413 541
354 739
65 341
214 740
100 120
176 253
74 432
546 560
401 567
88 388
342 633
395 742
480 593
358 728
111 679
28 775
197 746
581 696
77 589
46 661
50 109
493 618
79 555
35 558
64 733
156 383
371 540
114 184
93 181
245 694
13 322
289 645
27 448
155 367
349 589
347 602
342 502
299 568
362 455
363 607
142 471
318 775
47 737
209 273
720 735
316 635
251 488
14 636
23 264
456 784
82 246
234 597
161 399
671 680
629 769
307 610
73 520
212 321
170 374
183 200
262 421
154 601
135 335
15 657
17 228
601 678
350 781
492 612
160 627
60 624
249 612
96 544
105 371
262 701
101 320
539 734
129 483
323 712
471 689
504 584
46 212
30 147
49 527
576 764
112 557
37 229
222 466
291 339
358 667
99 476
198 256
359 503
115 312
60 771
155 302
14 123
115 492
134 702
5 19
248 610
43 763
361 648
538 686
411 648
281 691
28 97
321 448
408 676
330 450
359 444
536 639
420 498
208 380
511 602
441 540
260 675
114 289
186 612
304 466
207 530
445 775
108 444
15 702
63 454
550 624
480 720
399 639
382 398
114 734
78 717
86 617
219 246
142 530
587 736
265 649
317 601
52 327
143 273
114 407
312 643
450 453
316 587
15 714
212 529
15 257
571 754
462 684
524 742
393 450
516 695
107 164
364 438
667 779
459 633
124 246
193 199
648 681
474 777
431 753
130 462
513 538
100 491
729 734
594 705
278 750
179 376
45 65
13 215
67 220
183 702
278 344
415 512
687 740
159 258
120 603
204 734
167 266
227 750
4 73
525 724
228 440
321 558
193 547
98 524
240 331
466 652
137 561
300 729
307 473
344 754
384 547
322 772
148 520
218 610
83 362
101 213
445 746
477 706
6 722
303 397
157 749
455 651
400 673
248 312
308 447
20 144
46 603
116 277
368 779
641 730
594 642
596 681
117 250
394 638
218 537
349 766
256 598
180 692
3 387
282 370
205 598
269 502
365 536
387 785
149 758
442 604
420 698
375 643
93 624
529 600
273 296
108 554
269 477
226 776
219 227
44 137
97 393
2 516
20 671
405 689
150 601
542 768
91 700
59 752
33 147
55 341
631 774
65 671
62 721
82 521
194 395
29 761
122 229
13 461
15 134
97 384
225 378
118 762
371 529
74 238
109 488
86 151
61 61
722 783
204 586
401 531
73 335
456 594
445 588
244 430
169 729
119 327
324 473
239 287
50 311
368 712
133 608
23 437
193 577
87 784
91 605
402 763
551 640
37 601
36 546
196 569
51 593
362 538
128 426
125 377
502 676
104 409
196 763
378 692
113 131
296 428
282 458
282 435
474 533
123 410
414 599
102 367
280 605
146 613
518 552
296 523
165 244
591 591
579 661
419 702
54 332
158 694
73 600
362 737
36 49
95 355
375 674
203 526
50 408
414 436
69 198
588 641
386 569
635 703
702 741
107 263
270 537
241 684
80 448
255 626
272 755
285 497
74 687
687 709
136 544
20 416
166 642
597 689
200 416
648 732
57 562
46 671
262 430
139 162
159 674
241 325
740 740
4 55
334 431
340 447
331 764
746 785
428 746
94 507
175 186
231 498
405 508
316 621
281 488
79 655
184 438
272 694
194 450
419 460
624 754
475 619
67 642
272 347
472 538
59 369
139 357
237 372
35 419
104 392
195 329
455 683
416 692
162 738
355 483
553 626
211 638
420 749
502 655
207 765
177 768
75 666
175 685
398 595
277 641
145 500
706 736
218 778
14 283
95 343
241 554
1 594
473 763
104 476
374 603
156 278
486 635
103 167
280 762
326 648
40 145
257 647
184 351
434 585
274 644
461 537
10 128
503 612
469 735
209 238
82 451
236 706
447 519
344 645
147 164
205 430
43 521
186 692
380 524
266 434
77 580
312 567
425 524
301 656
136 667
330 643
124 332
156 332
89 539
268 566
527 693
92 217
335 439
208 268
197 210
545 684
77 185
333 379
241 553
429 569
50 713
536 637
309 646
123 667
668 718
229 620
297 474
50 119
270 624
406 515
55 313
84 471
216 224
142 716
170 287
4 757
173 273
199 614
445 611
275 515
193 353
34 358
337 575
160 471
129 340
226 368
195 701
142 425
24 590
74 107
138 181
430 643
593 731
196 752
71 422
143 161
364 713
231 256
487 661
3 471
106 606
366 697
601 624
112 651
669 702
300 578
264 348
480 563
87 391
397 459
16 724
316 408
245 758
80 661
149 543
210 242
17 715
76 595
165 383
115 520
1 463
165 390
122 362
20 398
164 629
24 445
465 499
108 579
582 633
469 527
101 449
546 596
254 503
152 277
469 528
145 264
214 311
75 747
205 341
193 655
145 770
125 745
720 762
49 285
209 212
477 520
74 495
401 682
13 489
472 560
132 558
321 749
79 387
262 595
91 651
264 699
86 212
180 766
468 492
359 518
302 379
32 647
207 626
57 626
220 378
83 236
367 441
78 642
221 407
267 690
98 652
459 564
75 105
234 270
44 725
345 446
402 460
179 383
214 753
146 531
415 421
609 779
331 783
543 675
100 129
92 740
106 727
116 323
629 763
729 744
476 488
126 699
287 329
26 456
120 503
51 69
507 718
221 284
617 687
94 336
442 448
200 716
255 466
582 743
144 145
45 139
357 760
104 273
383 680
229 626
357 476
197 327
406 692
52 602
62 686
374 464
357 682
135 756
59 199
116 209
372 608
127 685
206 388
86 344
168 278
15 138
26 473
295 595
282 624
229 503
104 644
272 434
315 404
64 125
164 612
420 424
454 673
124 169
671 735
207 352
400 774
391 478
345 714
727 751
40 231
307 446
137 702
527 705
447 534
387 570
536 586
187 593
76 191
555 628
498 552
84 346
13 39
572 629
280 459
86 391
208 368
268 417
128 751
4 634
212 575
72 189
675 735
317 610
122 308
24 443
74 686
575 691
297 702
455 658
61 386
346 736
538 618
251 306
495 772
154 182
388 423
335 354
311 455
84 311
267 362
49 328
225 391
209 438
556 659
241 783
475 521
45 218
303 552
239 508
379 558
162 744
11 217
231 580
110 480
91 281
15 350
344 459
171 187
358 511
393 478
156 718
25 680
175 665
293 589
520 636
599 606
303 411
143 310
459 698
55 286
104 574
200 483
302 331
343 412
196 645
540 622
185 533
83 640
41 581
131 641
50 87
587 718
176 221
9 409
635 636
435 769
265 503
191 380
312 481
219 777
332 395
147 721
296 482
465 506
245 345
523 701
168 402
212 479
371 417
77 286
82 405
254 577
119 451
488 587
79 707
227 254
130 282
82 708
405 555
391 604
139 586
18 769
225 644
1 324
265 371
54 730
388 625
160 683
109 451
273 734
272 324
418 672
260 321
215 385
311 736
673 689
467 539
33 467
194 440
210 420
9 424
704 769
38 604
125 476
235 519
142 428
228 351
218 560
326 435
276 550
767 779
568 713
59 345
3 494
73 76
723 735
13 700
474 756
404 630
393 413
19 294
220 774
332 586
437 734
74 105
136 728
130 542
70 594
178 542
569 581
401 708
271 708
26 650
591 744
239 561
382 622
237 351
558 718
87 706
76 735
144 472
78 258
73 631
394 473
394 765
236 419
169 188
15 19
286 415
260 264
333 358
18 340
469 646
462 574
537 671
51 171
434 619
190 710
683 765
155 601
485 715
234 305
254 567
399 777
48 275
393 730
248 638
6 610
152 270
187 385
354 578
480 553
78 364
468 585
183 266
408 654
154 540
199 674
150 547
333 640
91 638
122 184
340 555
110 208
38 308
54 645
113 625
310 656
264 301
206 617
287 494
382 396
318 424
283 419
657 771
71 294
106 444
153 730
244 738
158 742
63 626
454 778
415 724
357 385
134 754
111 324
275 599
629 754
328 752
24 57
448 671
387 578
419 459
41 705
425 469
107 423
125 233
351 622
293 572
89 293
212 396
386 533
114 508
564 581
263 307
81 240
71 498
283 407
46 354
660 728
144 708
291 603
50 374
150 297
309 543
426 477
44 373
6 317
662 697
284 430
69 511
421 629
281 619
418 694
514 700
180 553
167 510
154 455
188 241
294 609
130 764
169 325
107 539
279 534
132 362
8 262
69 521
274 672
285 619
358 450
86 456
203 591
230 365
37 74
98 723
37 159
89 305
39 289
528 630
206 502
99 242
401 687
347 483
310 628
146 627
169 185
110 317
384 537
74 578
327 438
134 350
191 673
456 737
535 656
186 624
526 580
178 523
53 707
103 163
372 664
164 326
159 452
532 744
538 654
176 271
407 481
16 754
501 556
47 64
389 486
113 385
229 752
10 490
221 519
211 228
156 325
24 43
156 685
699 764
184 200
100 173
276 415
203 758
297 732
388 758
529 720
198 699
83 755
187 358
468 544
81 284
359 468
334 397
180 472
444 643
502 525
423 530
569 583
302 541
345 612
3 609
225 686
101 347
448 783
469 747
217 627
575 623
9 14
32 610
124 518
287 550
47 211
175 668
295 766
454 760
673 734
721 752
23 231
478 583
170 725
372 396
146 631
261 779
134 484
164 531
201 236
148 262
237 298
152 383
213 412
159 552
297 785
12 525
615 740
62 406
60 450
185 747
16 475
87 658
193 312
36 721
73 449
402 591
110 116
130 580
215 682
178 538
100 579
308 410
92 209
404 695
129 148
61 218
127 250
176 513
408 469
125 414
495 521
168 434
116 144
603 639
617 658
573 782
637 640
130 606
97 496
76 328
93 645
1 463
70 225
301 711
170 433
142 565
260 666
207 522
154 422
280 349
88 545
620 748
394 669
670 706
591 755
19 507
82 504
255 475
237 446
269 777
408 452
132 150
594 629
95 430
652 749
500 755
102 245
492 753
85 375
524 764
174 217
553 656
413 494
450 761
211 544
335 619
199 619
28 156
133 337
167 552
35 707
492 719
272 465
554 565
365 486
36 569
32 602
148 769
37 640
142 361
484 677
224 776
200 606
305 379
162 178
689 741
491 720
504 505
45 113
380 400
136 692
295 751
184 759
352 494
286 489
522 612
143 740
72 206
158 261
415 430
82 459
40 221
194 282
285 675
476 767
207 533
100 611
215 588
310 370
52 353
581 710
212 242
625 687
5 725
78 724
9 373
87 454
146 493
8 322
222 446
484 699
313 703
289 291
299 433
500 554
260 785
644 667
13 698
293 580
239 700
41 635
165 653
157 353
381 682
107 266
33 262
261 606
79 693
106 336
129 586
139 767
148 179
146 394
461 704
214 433
438 599
33 753
273 312
506 511
61 459
570 770
265 775
344 712
533 557
278 467
47 398
34 319
91 466
91 511
536 658
263 555
620 721
34 447
175 769
545 640
349 364
71 342
110 537
471 733
170 343
67 485
119 760
441 755
439 764
82 224
497 602
455 696
211 418
304 720
104 357
71 108
651 651
233 376
100 434
585 630
200 332
203 555
126 194
197 596
74 558
162 508
361 481
426 669
73 493
300 494
413 598
21 615
13 547
167 730
38 601
483 528
302 463
451 592
299 453
664 750
578 712
149 684
391 578
282 403
210 349
183 648
303 318
141 261
178 565
5 616
167 534
36 224
105 130
345 419
294 349
1 65
391 721
164 418
287 646
158 221
62 564
678 762
310 341
290 473
23 190
744 760
240 759
91 469
5 558
410 619
502 651
213 218
190 662
344 452
35 281
52 689
223 439
158 289
417 532
364 604
546 679
221 534
217 219
94 626
120 565
467 528
181 571
74 303
48 738
310 509
213 668
370 429
451 765
82 412
436 620
251 625
421 560
55 165
203 247
316 572
8 69
721 758
384 633
255 433
2 716
103 616
282 557
382 570
542 653
184 358
360 622
388 513
143 692
10 11
627 740
45 671
85 426
115 269
21 173
479 631
311 563
188 431
45 428
662 773
272 326
544 706
149 628
297 664
522 561
161 467
68 340
663 713
490 748
354 542
6 198
150 244
279 760
95 556
389 411
307 782
358 756
152 251
301 669
229 661
519 709
180 195
537 735
345 393
467 702
4 659
514 555
355 695
54 250
58 333
182 448
454 609
280 526
55 429
301 746
73 318
741 741
695 741
595 662
723 766
441 585
656 734
395 451
405 685
661 703
279 623
112 182
162 487
91 448
452 750
445 621
33 99
11 43
125 736
249 256
152 465
42 256
490 603
315 486
437 760
417 540
272 448
122 143
2 646
2 741
252 381
84 780
73 417
452 514
614 775
124 766
179 560
221 384
140 450
196 742
601 632
200 597
597 676
284 650
280 294
143 356
83 565
553 594
187 696
335 676
64 540
137 513
176 284
640 677
522 771
195 454
284 336
388 508
129 530
83 295
143 648
717 718
316 398
2 125
717 749
57 626
201 438
211 479
687 694
232 481
26 191
614 742
80 667
357 430
81 347
39 171
213 425
210 621
26 150
225 647
527 646
313 770
213 323
283 639
599 721
356 504
363 525
442 496
691 762
229 461
122 651
277 413
243 391
422 713
46 336
74 777
497 580
169 734
201 397
662 775
168 722
30 497
523 771
233 765
361 654
259 752
177 359
436 673
687 720
46 101
437 606
316 613
212 466
386 452
225 232
499 750
633 757
309 494
42 67
124 209
709 772
205 569
269 628
591 645
57 767
63 689
161 633
42 684
80 378
350 646
32 728
200 321
159 267
139 483
245 699
145 290
378 739
354 537
327 372
122 189
98 771
118 343
397 507
287 426
46 478
580 773
228 284
86 103
183 750
659 718
316 746
466 756
304 554
554 729
330 376
371 461
447 472
281 288
385 463
493 700
185 457
205 352
270 343
573 620
294 664
349 557
735 740
641 717
628 768
681 728
43 334
490 742
171 550
59 376
209 385
15 116
469 625
555 750
42 153
52 670
459 725
172 598
107 366
89 640
236 320
515 757
536 685
162 416
182 551
373 753
116 537
347 445
147 583
95 106
194 682
582 755
203 293
58 181
325 384
350 419
169 311
61 271
297 684
103 417
75 577
171 513
22 740
169 549
146 696
7 479
109 690
480 509
172 583
248 446
396 593
153 577
565 742
314 348
178 764
108 686
482 760
420 679
322 343
375 605
339 564
182 687
248 456
363 702
293 741
340 579
93 573
339 574
531 580
116 423
600 714
137 395
383 480
199 290
47 291
479 636
43 785
477 478
151 691
299 634
495 714
334 750
143 533
37 343
402 779
66 196
211 754
11 319
375 663
154 425
51 575
283 452
273 713
294 297
29 189
31 354
429 463
211 582
314 387
429 755
46 525
66 660
571 718
95 456
572 577
595 724
14 131
33 128
128 332
323 702
285 318
57 752
150 303
445 644
360 419
551 623
413 645
666 785
79 528
325 432
474 761
7 718
241 444
553 641
113 499
577 625
10 401
89 346
16 47
575 772
233 494
41 558
103 626
287 447
451 712
231 305
18 149
78 591
638 641
644 739
592 746
455 657
175 667
256 592
377 579
146 617
438 637
72 432
185 522
231 731
195 282
69 669
512 591
6 215
154 711
23 493
547 691
153 568
126 668
619 719
399 555
169 671
158 382
306 688
189 359
501 648
580 626
313 334
196 711
19 670
13 447
17 575
90 104
120 710
486 708
161 397
344 679
204 474
398 459
91 134
193 737
274 578
415 712
180 514
21 408
95 523
195 224
137 150
581 584
657 671
292 518
82 452
23 355
524 672
399 656
278 703
256 772
11 105
552 628
39 204
380 695
40 411
77 285
476 719
530 617
165 582
43 519
237 656
239 498
233 458
5 621
239 708
534 608
52 526
47 469
338 515
213 450
21 645
599 671
149 464
187 351
1 711
608 615
277 581
245 506
242 769
210 741
32 141
278 759
342 560
99 225
53 342
39 730
46 395
273 416
210 539
46 116
442 607
215 235
265 487
133 488
399 762
128 359
65 608
314 611
203 769
94 443
291 343
44 708
409 555
253 576
318 786
301 623
5 219
408 710
200 257
320 452
600 662
397 726
216 752
585 683
276 547
192 577
207 422
298 339
32 607
547 695
45 214
404 533
148 236
449 517
44 419
571 633
153 557
191 754
263 348
29 473
219 710
159 432
163 766
67 606
382 417
187 696
277 534
160 777
426 479
289 363
88 717
260 646
367 783
75 369
90 361
112 538
32 226
225 691
576 580
304 531
107 514
96 102
549 670
99 209
2 17
597 674
99 202
174 620
335 418
612 670
54 241
41 133
530 585
127 293
14 319
360 630
290 482
302 464
347 663
117 127
260 400
486 718
208 499
151 509
604 716
517 532
22 116
49 296
105 656
404 727
346 511
201 655
221 715
43 447
418 733
494 499
187 594
79 590
35 527
193 380
185 205
270 285
521 664
271 629
381 418
8 37
704 782
410 552
340 456
317 330
50 150
129 608
258 310
352 536
473 607
602 678
109 509
262 460
174 709
144 722
645 702
477 646
254 724
377 646
341 564
136 551
100 547
76 679
294 744
156 681
72 464
15 459
318 325
263 392
491 685
462 610
259 751
129 497
186 732
85 594
102 367
543 650
373 464
86 448
27 410
120 744
383 390
335 665
271 740
217 591
96 473
127 487
148 783
20 212
143 148
26 325
120 478
235 784
423 724
189 550
195 344
455 758
652 705
316 367
67 773
453 490
145 255
463 641
12 117
140 330
652 742
323 520
272 764
230 669
156 660
157 459
406 443
399 424
157 272
66 335
34 390
14 763
127 685
207 443
325 594
34 50
315 590
246 480
517 721
592 674
589 614
205 439
95 268
712 784
91 204
538 572
43 608
109 357
241 249
101 399
302 502
182 504
556 604
412 650
296 574
98 185
2 622
21 588
23 539
109 464
143 749
78 426
624 693
595 722
289 420
442 676
526 678
297 604
238 442
18 475
410 654
585 612
330 533
166 215
135 435
353 690
195 719
310 525
180 468
540 547
8 171
5 206
421 726
172 570
218 763
496 555
31 62
5 202
207 471
343 346
552 603
130 186
562 714
633 748
134 342
404 588
67 164
298 484
569 593
85 317
116 491
418 614
327 664
220 705
238 623
92 268
366 525
120 148
27 454
158 756
67 772
690 759
129 142
24 478
222 389
536 560
270 741
4 296
51 180
185 483
124 516
28 469
224 732
37 556
635 653
426 610
565 784
32 309
635 655
10 33
164 743
39 258
123 640
506 749
573 758
369 545
68 351
151 401
49 285
92 683
330 518
372 552
69 495
80 524
462 749
248 369
113 511
704 750
251 375
155 783
40 643
28 353
76 157
546 732
278 395
199 284
156 196
380 396
219 546
234 695
388 576
635 711
375 623
32 694
288 502
374 645
334 616
406 455
422 654
175 516
37 734
91 606
439 710
190 244
362 477
282 719
210 641
169 292
536 717
448 494
313 484
3 232
12 597
36 408
340 348
172 611
283 637
96 373
105 665
135 227
258 326
119 155
562 725
142 300
261 313
194 356
203 698
381 737
398 462
1 523
291 655
207 520
80 124
168 688
39 211
479 568
301 329
9 300
579 685
330 559
136 205
68 250
304 783
98 219
274 333
349 466
6 175
76 737
588 740
439 483
456 506
1 687
24 493
291 340
295 388
178 445
125 539
250 291
373 688
22 718
232 442
128 268
38 362
114 210
71 452
357 388
2 72
51 609
201 631
413 719
319 457
391 691
302 373
6 284
323 457
154 321
329 585
397 455
442 475
4 447
228 672
163 510
171 759
107 745
295 688
213 590
251 666
155 767
493 573
297 616
202 270
228 467
192 308
2 628
48 483
439 604
585 592
588 593
271 376
157 472
394 486
328 748
545 775
190 572
434 502
187 321
21 590
165 194
203 748
276 361
473 680
73 153
82 403
243 603
20 422
12 395
597 727
171 740
12 707
16 255
281 735
496 511
179 507
455 686
94 350
290 327
281 304
240 558
383 423
23 478
41 54
381 516
34 331
3 192
57 554
275 687
79 657
317 382
18 115
237 314
5 403
71 659
376 451
340 607
593 691
96 415
182 209
109 553
125 187
217 571
351 445
227 689
68 243
713 749
105 331
145 643
41 73
96 211
668 722
368 719
234 329
186 222
184 702
19 112
162 732
277 728
199 666
352 421
395 639
99 255
79 492
129 591
331 370
285 350
461 514
460 704
115 350
384 457
310 467
90 778
246 259
364 589
528 704
140 525
306 532
449 727
176 765
378 690
112 537
454 671
23 639
124 657
449 763
508 776
330 368
490 505
23 688
479 556
704 754
709 771
192 661
28 315
367 535
394 676
73 209
193 692
181 781
47 784
313 325
623 631
92 320
203 458
60 517
69 748
570 607
127 141
144 776
307 390
121 489
35 766
47 141
66 600
35 674
81 577
125 325
116 251
255 273
16 775
129 410
276 334
470 662
106 164
102 438
111 430
565 626
178 677
352 665
612 692
499 627
435 633
10 773
39 154
155 344
196 222
112 347
318 450
430 594
62 82
40 744
50 527
113 756
47 675
58 461
118 553
360 385
243 721
292 397
227 282
184 755
607 644
146 381
67 235
245 691
191 384
112 333
183 785
256 380
499 759
41 670
172 538
188 234
323 432
209 707
319 446
39 391
8 189
30 702
199 763
409 770
641 755
175 372
27 739
145 763
10 743
125 456
299 543
140 386
135 650
493 544
373 637
207 474
302 648
84 299
56 57
57 382
544 774
514 650
501 665
96 321
467 520
390 768
21 712
37 504
499 679
7 53
442 683
30 39
480 567
660 752
215 260
403 594
144 577
87 505
157 199
320 516
540 718
96 436
20 39
404 783
552 690
205 757
160 247
277 713
203 768
286 335
353 368
423 754
388 664
180 764
108 217
254 321
247 354
517 530
439 611
224 641
223 491
101 576
90 386
4 681
588 678
108 561
95 309
276 361
104 341
11 370
75 118
308 633
137 584
92 478
247 503
425 538
112 341
295 314
371 459
42 613
344 781
269 560
252 412
166 360
46 567
248 473
280 653
383 749
46 325
105 307
164 627
361 465
71 380
353 584
470 478
586 732
25 229
47 561
154 388
307 634
428 551
191 220
275 693
218 555
624 636
327 618
228 708
299 478
480 752
576 738
585 681
17 204
53 750
195 255
176 379
101 422
113 501
239 555
290 494
2 407
117 489
328 446
250 474
51 324
281 753
178 393
38 720
156 702
99 323
410 523
60 348
320 638
182 214
232 359
9 258
306 716
245 398
291 461
232 285
221 446
182 730
341 638
465 710
494 685
157 467
151 640
41 665
223 537
381 622
696 699
164 583
121 651
527 742
224 297
373 432
117 333
49 557
7 47
356 483
280 484
348 520
51 291
256 399
135 736
150 651
36 106
153 198
138 726
44 384
72 81
30 172
23 606
85 311
31 172
561 583
136 224
434 698
556 777
412 500
126 756
430 443
91 635
20 419
625 712
625 672
276 579
179 394
168 204
725 783
106 218
10 608
193 588
6 737
597 760
9 437
427 501
606 688
289 416
214 351
145 517
90 127
490 643
62 484
198 284
102 488
145 577
480 589
445 479
176 184
81 120
221 774
294 582
107 203
549 783
375 716
135 584
216 244
41 781
114 391
378 522
317 734
140 286
401 633
174 212
442 708
30 778
206 499
447 656
396 674
58 640
410 668
557 557
306 767
580 711
93 288
13 103
86 116
12 724
30 259
625 734
35 622
193 375
217 686
334 448
115 670
70 404
155 230
193 225
213 389
17 786
365 691
204 507
34 412
223 514
131 423
135 616
538 609
615 712
550 695
20 763
292 327
231 311
31 270
199 212
590 632
268 459
365 720
163 722
21 202
365 395
107 563
130 310
244 290
459 569
70 250
332 402
429 684
328 697
357 496
234 238
635 761
363 631
261 304
307 330
396 639
268 723
345 586
248 340
554 744
376 401
62 561
505 690
2 368
181 330
44 50
254 644
88 777
458 592
287 296
337 576
67 661
462 479
6 560
179 493
354 636
155 598
212 673
396 746
501 590
7 408
403 750
214 429
240 370
256 368
422 451
243 654
99 698
341 398
382 712
293 580
272 714
409 651
357 530
22 505
243 772
543 705
112 631
95 449
113 766
448 728
97 325
694 730
240 420
403 446
579 781
56 409
413 456
491 712
320 662
113 580
400 766
208 618
271 354
283 680
533 580
134 439
73 150
338 592
186 351
183 376
157 256
126 594
426 672
437 608
462 543
329 400
154 607
702 786
430 721
157 577
105 146
580 784
90 321
507 551
480 718
586 760
54 393
538 731
436 558
170 734
2 229
14 586
520 756
431 504
377 776
677 679
688 707
45 348
119 671
203 736
453 621
445 633
431 597
103 369
689 721
504 583
144 194
255 662
164 710
156 191
99 758
218 606
153 544
199 615
39 146
128 243
613 638
446 662
60 692
201 249
68 785
156 419
210 685
439 507
87 763
346 697
47 524
43 205
1 526
138 150
182 469
2 469
129 319
229 675
26 89
10 69
671 745
108 221
269 285
268 737
498 512
75 404
470 489
198 737
235 364
30 511
370 699
424 570
99 438
461 651
309 442
348 392
100 612
190 600
642 709
235 260
44 225
309 620
278 769
38 271
344 535
4 549
45 714
250 461
355 778
73 277
259 322
593 750
164 696
490 779
263 612
182 707
485 516
121 357
413 453
448 601
79 226
595 613
720 785
224 778
113 596
131 762
377 694
38 750
321 475
141 158
45 483
297 383
380 539
125 713
545 653
616 741
430 582
110 570
211 533
204 687
510 729
43 337
132 445
209 472
153 718
486 535
365 399
106 158
249 548
233 240
3 502
250 490
60 189
338 671
155 249
23 557
580 726
276 352
422 449
164 213
216 623
121 584
47 553
385 517
288 552
2 617
469 669
127 684
64 625
514 573
131 728
107 254
40 420
353 395
530 607
74 140
172 637
17 417
126 754
2 357
345 718
58 697
517 735
88 202
92 259
514 567
287 453
83 252
270 335
199 671
104 425
240 584
63 691
5 493
273 754
475 502
50 677
311 359
243 355
67 510
229 434
72 333
530 732
537 712
251 599
316 361
652 785
757 765
299 613
125 528
57 654
412 623
436 672
520 662
13 616
73 323
721 744
337 724
113 305
131 283
204 430
171 741
195 258
94 542
42 220
95 143
682 708
205 408
456 500
68 250
497 554
138 698
419 719
453 718
640 662
171 329
405 768
108 571
117 443
80 141
216 463
9 60
335 669
230 648
173 217
340 364
300 324
260 628
390 739
13 197
79 398
259 747
592 709
139 191
293 764
194 247
238 382
721 757
212 590
117 595
4 507
118 173
404 777
585 761
356 552
283 436
406 749
166 217
25 232
57 140
296 705
406 773
51 353
118 406
44 655
54 406
130 583
235 586
139 759
394 760
61 376
223 514
331 682
481 573
32 267
723 739
290 550
327 424
201 417
145 322
192 627
27 782
174 286
10 606
577 721
251 271
34 521
21 413
427 565
475 724
261 274
46 270
446 622
15 117
146 369
371 622
105 224
14 416
652 709
390 459
166 236
339 453
376 422
418 562
150 456
552 650
341 539
26 276
342 413
540 764
35 632
397 539
272 325
334 541
321 604
8 22
297 638
410 638
86 260
12 285
115 482
299 705
2 191
268 287
175 742
414 762
27 500
195 247
262 577
77 91
104 143
365 768
603 778
105 193
439 629
20 218
240 242
318 539
144 734
162 192
24 372
105 663
70 719
535 651
297 440
235 471
299 766
243 485
684 688
234 584
512 768
118 422
136 353
225 591
51 293
4 374
522 652
296 339
32 308
184 334
134 575
233 536
660 734
408 495
409 587
472 616
434 704
181 529
284 513
398 666
339 530
551 784
228 573
594 636
167 206
82 483
446 490
618 676
157 532
284 740
484 532
422 648
482 548
308 542
212 634
524 574
452 494
356 583
126 414
414 699
99 509
264 325
172 406
194 476
133 309
342 529
237 656
156 713
200 229
553 690
552 725
242 684
41 463
332 583
203 277
628 695
731 767
76 298
375 387
725 785
114 140
262 355
151 478
368 594
604 753
57 60
102 220
628 679
242 727
238 519
119 718
12 31
325 562
127 703
157 627
172 670
110 276
119 589
342 645
401 472
103 120
132 740
46 94
182 290
143 260
118 126
211 484
312 578
334 749
33 490
494 553
26 786
125 636
262 564
418 587
290 299
267 517
683 706
705 760
224 708
78 443
212 653
323 461
251 673
185 547
207 476
64 180
501 525
182 287
71 578
156 573
727 767
122 501
11 415
52 620
245 258
672 746
151 577
287 416
476 714
42 431
496 597
81 664
340 468
9 255
399 490
505 696
573 717
171 585
523 721
337 630
320 720
415 418
58 772
298 539
296 617
4 69
44 490
203 263
323 648
266 632
59 180
174 605
312 693
165 212
29 74
163 736
213 638
113 366
328 378
317 446
353 473
195 243
29 106
180 534
381 751
438 552
212 648
58 142
451 503
86 331
177 303
221 558
152 545
126 227
331 785
63 520
44 722
174 203
11 576
356 537
108 610
464 633
43 314
649 699
409 631
411 710
74 401
48 380
204 573
100 505
169 178
696 753
128 258
411 636
128 435
29 246
32 175
221 715
291 384
158 501
61 286
12 397
46 634
93 139
319 525
210 508
215 534
72 217
758 762
299 530
29 463
473 759
179 518
205 699
51 106
362 523
19 633
423 628
58 583
84 271
358 700
250 656
125 337
22 673
23 24
271 783
17 740
225 377
66 747
446 537
87 308
369 570
100 555
55 743
117 477
311 428
155 727
54 619
29 59
92 494
262 578
753 761
95 414
610 611
227 250
291 340
491 685
518 658
331 545
99 160
267 364
56 590
691 717
691 741
223 487
614 640
152 511
442 727
304 575
689 774
342 521
6 593
205 324
24 237
291 427
104 373
423 718
650 778
274 419
128 330
248 520
121 481
201 424
286 704
51 128
457 714
712 722
30 65
509 644
159 574
46 61
435 686
27 737
33 95
263 462
319 786
183 385
120 423
75 384
58 384
19 54
405 755
156 682
390 758
588 588
62 195
231 744
97 181
4 547
163 324
357 567
462 773
241 545
77 229
283 470
90 550
310 334
42 94
31 590
101 604
323 457
139 680
52 510
313 379
395 673
569 711
154 768
383 541
248 732
228 649
57 516
43 508
32 576
49 643
236 470
29 288
325 483
375 577
440 580
33 602
102 344
408 436
158 740
114 165
240 403
283 476
15 560
405 755
89 175
340 530
50 199
243 622
590 771
429 647
286 608
184 374
189 735
256 547
202 265
211 634
321 352
403 462
385 711
472 735
47 686
303 648
214 374
323 538
625 768
628 665
315 611
182 621
116 228
285 418
564 650
419 565
4 476
478 734
31 617
702 716
441 689
82 234
356 557
259 387
377 575
714 775
160 743
30 472
170 482
334 719
212 334
115 478
140 481
712 778
146 564
595 720
25 146
149 296
659 688
11 105
39 639
30 378
99 593
530 542
135 762
664 769
135 288
400 465
158 295
147 646
393 576
129 634
54 523
278 627
95 302
284 672
273 770
105 641
149 543
85 252
600 614
68 553
610 777
429 715
58 571
12 449
376 480
470 578
516 776
116 649
75 413
87 451
722 736
429 702
107 311
283 293
270 477
556 624
262 320
443 748
393 751
216 311
603 691
80 591
222 423
725 777
484 535
624 773
62 434
280 677
54 630
434 532
152 655
25 357
111 698
376 734
381 667
341 738
125 535
423 743
586 783
142 476
222 634
116 709
76 775
91 501
17 388
268 768
286 773
343 488
98 708
398 543
494 553
9 453
383 538
163 318
227 354
275 371
127 324
177 286
119 738
632 742
408 463
93 252
196 547
116 420
371 397
310 617
85 373
596 740
106 689
63 499
420 701
193 712
345 709
117 587
34 112
68 343
103 212
269 615
151 548
333 622
25 49
89 597
292 650
98 615
320 483
78 226
288 741
23 571
241 447
16 260
523 679
611 708
388 391
89 617
189 407
58 422
26 372
293 687
187 443
325 575
19 765
335 379
420 523
499 504
18 650
114 406
62 668
166 507
235 786
136 279
358 693
34 282
399 582
87 612
195 444
270 360
359 475
14 695
271 460
201 512
139 199
693 728
84 388
143 540
623 666
194 507
300 318
178 755
198 692
656 736
289 449
50 349
102 372
59 217
42 358
24 254
222 533
53 201
383 557
43 480
656 674
144 786
591 697
249 409
466 707
678 773
268 316
109 320
490 740
434 492
475 729
113 619
578 761
295 479
80 657
115 320
395 660
42 645
157 435
244 748
336 336
44 508
16 49
566 762
272 614
217 714
85 611
187 206
156 328
21 745
437 587
147 522
5 122
347 507
326 489
30 533
182 474
46 91
300 603
17 380
85 218
3 69
373 626
330 546
12 243
592 778
209 225
335 586
1 306
465 552
184 330
45 596
34 378
125 267
66 649
81 479
244 572
516 545
122 284
55 60
98 534
132 411
103 745
144 212
370 747
402 659
231 664
132 709
442 553
231 458
163 729
353 378
430 493
670 732
288 742
324 682
134 433
377 767
95 470
18 712
85 493
552 557
137 715
296 715
23 340
23 471
10 518
177 251
259 329
35 450
220 585
127 201
129 757
131 422
442 625
517 718
178 689
304 755
297 769
46 176
146 665
249 500
776 780
122 540
471 558
94 442
587 707
652 734
648 673
52 188
154 223
608 666
228 457
245 473
97 454
167 780
411 578
248 477
337 689
191 225
105 607
99 732
377 447
300 319
443 663
106 774
523 747
464 744
39 648
523 604
349 494
633 769
176 239
196 251
419 634
192 500
36 537
600 682
344 538
187 537
259 486
348 610
383 728
180 328
192 558
25 775
623 704
32 57
172 428
14 405
147 704
68 323
423 733
268 770
50 117
434 748
18 286
327 465
510 589
253 294
21 720
342 542
240 652
2 140
59 380
223 373
46 581
128 453
489 759
238 247
264 496
398 592
386 647
128 632
256 370
616 704
241 470
36 751
226 245
398 439
44 675
9 260
549 625
104 106
314 486
9 161
19 751
48 397
36 44
303 619
143 436
253 661
68 180
323 759
320 768
426 653
643 708
376 564
202 336
254 669
359 469
55 522
2 681
617 761
128 563
544 630
268 584
301 588
137 560
111 756
356 414
360 730
247 660
359 386
596 620
349 763
283 640
90 436
260 449
417 507
490 724
145 693
140 400
131 615
507 695
350 377
83 489
169 483
148 283
309 722
107 298
441 521
606 740
523 719
301 725
419 651
15 501
526 536
463 780
329 342
254 385
2 308
240 339
364 525
33 297
601 682
160 748
662 694
412 551
69 279
209 439
534 597
108 590
141 322
554 645
329 430
194 692
632 743
639 781
283 673
336 632
199 390
489 598
284 334
220 586
30 180
218 521
175 726
143 278
77 434
227 362
284 507
120 391
33 782
364 614
220 682
412 584
137 546
72 168
65 741
371 498
185 348
563 654
68 91
327 713
488 698
306 353
64 589
219 290
145 403
420 493
190 596
493 566
91 541
368 594
93 370
209 656
223 731
147 515
288 365
381 669
145 414
223 363
419 734
129 162
414 754
479 623
218 782
243 451
624 661
507 527
371 644
97 451
446 729
589 714
140 724
560 766
162 686
317 694
558 636
87 434
762 767
197 653
167 498
19 758
563 576
47 381
349 612
501 523
252 666
15 112
669 745
108 609
260 561
147 657
338 425
248 552
209 414
613 704
76 382
401 713
258 779
244 528
101 339
60 183
269 731
508 653
193 601
53 607
290 483
31 251
15 392
94 642
172 618
46 104
447 486
175 622
254 463
229 733
551 726
122 581
15 136
441 680
125 397
500 612
84 680
42 737
19 584
137 606
287 569
158 177
470 513
123 599
424 595
141 496
307 633
66 141
323 444
397 753
90 109
358 560
207 396
236 746
607 781
105 710
470 695
155 619
373 776
47 621
587 696
487 645
219 676
429 688
292 353
324 338
72 561
175 522
441 556
146 274
410 633
443 751
267 607
123 759
173 173
311 705
284 316
335 723
202 282
43 395
186 725
275 712
673 783
32 597
178 599
119 628
405 710
394 428
227 596
303 502
247 734
96 562
114 363
103 759
337 576
291 418
195 657
617 668
581 654
182 481
121 634
101 226
170 254
34 342
221 264
482 600
467 543
268 774
61 565
26 453
48 527
54 572
127 514
350 750
322 644
67 692
265 323
117 671
411 557
350 709
437 685
54 734
80 734
88 353
46 714
619 688
31 241
125 189
359 548
71 604
116 675
469 500
278 560
25 353
341 470
590 715
433 488
5 632
68 670
88 749
415 752
435 687
169 171
155 678
93 559
296 328
284 319
302 657
520 646
430 725
451 688
665 697
120 480
252 402
153 541
508 691
520 611
470 489
42 253
101 492
16 93
572 766
360 437
192 600
183 588
435 572
90 522
346 556
157 313
18 643
184 630
57 542
268 375
250 610
346 472
39 650
201 224
68 285
373 524
122 707
384 563
264 484
610 761
717 744
25 303
225 688
149 773
566 734
34 389
228 541
143 217
12 75
443 743
566 723
325 764
537 599
575 589
420 454
86 224
382 413
96 138
184 669
308 732
20 531
241 320
275 455
253 425
475 629
146 782
783 786
287 509
238 440
196 774
185 672
287 292
45 230
312 740
138 735
538 745
84 367
42 532
544 550
107 110
267 691
277 681
11 69
47 550
131 432
249 433
8 354
259 644
538 674
151 487
528 571
335 562
207 575
319 465
163 692
45 208
378 694
149 250
398 702
295 628
149 446
386 677
79 178
256 592
56 556
463 472
296 627
156 495
148 563
314 698
117 416
40 183
215 228
397 658
343 670
313 690
12 225
145 468
244 723
170 692
293 734
68 121
4 185
328 719
675 701
119 213
568 702
425 749
310 325
135 331
506 556
470 598
319 395
66 689
516 568
500 648
83 148
306 517
298 600
370 654
426 453
356 397
330 755
444 622
343 734
79 582
129 376
7 765
45 207
98 395
21 39
418 594
43 183
606 727
490 615
207 731
156 251
376 692
345 362
33 397
60 785
592 672
68 477
166 634
271 453
7 588
318 609
129 524
228 290
146 260
145 359
49 351
598 613
279 614
572 685
508 730
423 579
340 709
582 722
450 727
553 743
344 445
343 599
3 10
332 756
692 743
56 127
467 599
677 739
80 634
38 711
11 677
476 646
70 712
406 684
110 484
231 596
164 395
285 365
397 694
46 410
688 734
140 703
155 685
294 467
46 318
566 669
190 204
179 183
102 336
148 440
313 687
442 606
11 412
365 577
48 595
15 754
92 555
694 784
188 315
114 168
395 783
225 510
239 393
211 236
234 655
3 35
203 209
197 255
251 489
212 476
254 579
61 473
136 643
466 607
337 738
494 594
433 769
447 581
169 641
188 629
486 545
366 723
154 781
435 712
76 632
589 591
223 617
471 670
170 559
109 333
111 149
78 783
22 231
261 779
223 563
103 693
203 736
262 312
103 339
183 312
620 659
236 374
207 602
122 514
158 309
166 361
286 555
449 482
103 138
31 556
29 648
520 591
209 651
177 265
578 781
412 417
541 618
50 93
352 719
223 534
142 615
165 463
83 246
183 336
557 767
208 267
704 705
150 286
451 694
168 633
179 644
177 395
671 698
21 262
97 189
84 670
33 312
327 355
458 653
301 520
199 721
563 695
179 420
73 112
81 148
135 629
710 733
334 487
181 434
167 587
450 783
447 663
719 762
133 408
526 607
145 594
340 595
7 44
460 498
666 760
405 481
160 740
513 751
92 133
297 481
312 763
544 691
49 50
403 703
528 781
369 727
317 633
65 294
64 118
724 763
281 700
364 481
11 329
551 766
543 751
156 285
434 733
426 539
47 677
232 402
280 712
302 786
139 277
686 689
192 413
500 744
248 643
444 511
510 534
313 674
609 692
209 508
379 400
476 596
452 473
633 723
30 323
31 112
84 268
157 617
13 504
378 621
343 721
558 647
478 622
23 297
169 699
196 311
318 598
202 222
156 531
51 158
419 497
227 299
366 565
70 126
188 627
712 757
182 734
474 643
478 490
234 675
120 478
600 669
42 317
557 675
485 781
98 343
422 731
629 690
382 778
294 749
24 196
126 457
345 465
308 682
204 649
91 121
415 576
365 612
392 399
507 541
50 618
374 678
503 755
627 738
352 673
174 744
256 660
192 556
133 532
114 727
136 740
284 470
359 415
150 241
340 425
209 421
284 427
381 500
255 390
515 568
607 717
38 280
209 721
53 772
377 604
44 471
253 622
166 559
514 534
243 409
631 711
412 426
111 600
435 455
627 763
449 601
70 481
50 718
166 331
78 421
43 294
341 721
309 701
153 630
37 682
322 376
452 757
452 484
465 501
135 194
101 157
91 577
393 522
431 714
165 561
105 230
96 689
68 325
639 737
247 255
65 166
267 374
432 639
315 388
66 374
188 666
167 255
308 456
87 677
149 333
557 610
516 642
535 591
193 498
125 658
151 395
180 755
38 392
70 124
70 442
155 214
86 215
224 279
590 636
218 449
54 769
84 256
5 153
302 669
478 592
212 302
394 499
171 548
41 412
261 394
56 244
348 509
459 710
123 717
550 734
298 762
7 150
622 770
301 366
296 582
385 541
86 674
361 392
446 586
576 743
494 628
347 521
557 657
456 467
292 530
6 429
163 225
95 352
158 334
488 505
521 746
246 544
223 732
607 629
87 259
403 723
308 778
259 313
173 522
139 336
172 296
655 770
527 692
62 515
74 700
156 684
556 680
485 538
242 652
486 685
732 754
304 556
63 491
245 293
321 623
227 611
61 461
17 405
357 373
527 624
96 763
399 495
205 267
411 651
320 512
301 682
154 271
421 645
191 604
23 339
330 657
135 575
300 740
24 663
149 177
265 422
26 70
423 662
581 667
234 430
119 477
112 772
58 783
66 751
108 489
109 177
46 689
10 691
332 544
295 681
371 554
23 483
591 686
30 699
215 547
233 397
75 464
95 296
64 169
520 733
435 610
370 390
79 263
45 711
2 333
44 241
83 94
314 747
152 448
463 640
289 734
109 733
66 659
121 507
468 526
109 774
254 705
119 379
81 341
255 762
349 603
265 642
35 373
366 497
257 717
410 440
200 484
459 757
26 454
122 626
449 509
128 203
103 562
252 289
620 725
259 678
131 638
360 780
289 580
205 299
60 732
507 690
58 562
338 437
375 762
98 171
27 367
172 317
608 639
38 739
64 451
102 724
185 476
340 611
77 241
114 180
257 322
130 315
82 193
207 480
170 394
229 239
480 757
99 378
117 355
201 573
440 724
53 136
64 743
136 182
157 207
28 153
363 379
134 420
551 691
154 417
353 511
184 781
147 147
52 486
78 707
236 414
90 347
446 533
77 110
14 193
223 627
162 575
50 99
525 562
122 502
66 748
129 530
192 690
274 563
200 232
331 600
365 469
292 627
373 492
389 501
404 567
47 194
74 320
134 569
250 397
68 539
193 714
431 712
40 593
226 444
286 433
377 500
620 681
20 27
113 161
486 763
183 543
54 582
295 602
120 530
164 592
85 772
353 645
383 551
557 579
743 780
595 712
293 619
78 651
185 237
284 334
1 232
383 383
88 388
365 371
207 491
142 401
179 640
86 429
370 512
496 516
9 250
84 283
626 768
31 700
460 771
524 666
134 230
658 702
36 289
18 683
244 532
38 504
355 365
290 553
111 306
558 725
30 584
606 771
38 503
425 453
408 719
495 557
144 157
224 255
452 634
232 654
370 671
265 604
235 359
300 746
131 169
6 8
403 641
102 609
58 108
466 683
74 379
1 387
33 471
466 783
283 682
469 733
487 506
309 544
50 692
285 565
463 651
300 495
239 625
116 707
216 308
518 684
710 741
112 345
25 161
46 590
169 508
