5796
887 4384
1916 2778
1422 1650
28 2363
60 3691
737 4173
1430 2568
124 2863
3136 4068
3059 4023
3538 3785
1874 4957
926 2306
1328 2085
858 1314
546 4583
3368 3815
365 435
3751 4044
2179 2277
2400 2755
61 4933
3369 4677
13 2740
2540 3095
571 796
379 1435
1602 2468
493 3318
757 1653
281 2302
1620 3445
772 3098
676 4482
2857 4568
2354 4498
1966 4587
20 4504
1716 4709
724 2797
2246 2619
2351 4842
857 1988
1492 3744
1937 4860
408 3276
1122 1475
1012 1144
2405 3777
764 4444
4539 4614
1841 3607
1997 4918
2744 3325
2184 4471
500 3491
1726 4773
591 645
3465 3543
3805 4356
2829 3623
2344 4300
569 747
423 4341
1802 2606
1306 4879
3737 4321
3627 4445
3466 3523
3259 3283
2638 2925
625 2063
2037 2601
1900 3453
551 4380
72 2469
895 3934
164 3661
2997 3900
1096 2191
1467 2927
543 3377
3419 4180
2173 3349
211 2337
2373 2714
4600 4820
668 3941
1229 1706
2270 2423
85 631
1973 4293
386 2626
1043 1641
714 3899
1191 2299
1156 2733
2256 3851
614 2505
3203 3945
869 2843
190 4529
499 4959
1249 2754
1649 2134
1747 2568
3047 4501
3034 3304
3730 4158
1749 3051
2698 4795
1044 3700
682 4501
152 1160
2135 2536
1693 4340
1128 2216
1430 3286
2901 3178
290 1950
796 2293
341 1683
570 3542
1043 2262
1762 3024
426 3191
1368 3997
4235 4678
1058 4525
3169 4615
359 3206
1553 4917
2291 3947
1971 2648
3594 4632
3356 4215
91 3513
3970 4611
434 1621
2889 3988
2285 2771
418 1857
238 850
784 4946
484 4290
479 1608
730 4472
1389 3026
1234 3075
359 3494
1840 3418
792 4293
1158 1522
1492 3575
22 4232
326 4099
3003 3517
1140 2232
405 1797
4022 4219
380 4813
2686 4978
3484 4177
4745 4858
106 2819
50 564
2376 3292
3615 3956
1883 2806
1983 4823
1575 3094
254 1487
776 4763
236 347
692 1138
1329 2574
1837 2218
56 1964
2662 3572
3074 4790
1852 2605
4251 4806
1504 2869
4007 4486
1121 2950
227 968
2956 4037
1343 4212
197 2533
2322 2380
2041 4235
73 2284
831 2399
348 1064
1925 4048
444 2955
487 1899
263 4160
2336 4155
2748 4366
219 270
1704 3702
1309 2085
2716 3899
172 1053
1560 3190
3225 4017
1540 3110
54 3110
990 1339
3068 4427
180 4851
2858 3814
182 2983
3826 4297
552 1893
33 298
3182 4135
416 3507
777 2484
3383 4933
931 4286
1477 2315
821 4117
2491 2526
2644 4619
2956 4311
854 3438
529 911
1611 1889
1088 1932
100 3778
1299 4369
806 1777
2529 3955
2198 2279
1128 3413
422 3383
4335 4694
2335 2440
3160 3422
2958 4986
2973 3763
1851 1853
483 3663
1507 4016
1365 4852
3264 4791
3829 3860
857 1988
353 3971
512 2666
1507 4301
1490 4365
1142 3680
2539 3413
637 4970
2761 2845
4315 4466
1536 1970
1791 4394
110 2290
736 4265
4296 4549
4356 4950
3157 3469
3287 3824
359 3172
141 678
2182 3246
51 324
625 2043
845 1290
1239 3470
20 384
1344 3134
1957 4305
3012 3667
1913 3968
3 3132
217 4719
3958 4574
1798 3934
475 1727
394 1981
949 3486
31 2306
1425 4563
2584 2727
2724 3709
432 2494
4392 4614
3271 3639
2668 4422
2672 2830
3900 4096
2089 3025
2387 4155
711 4970
31 2374
2280 2588
245 355
140 3125
1354 2419
270 1713
405 3706
1800 2734
436 4316
854 1088
563 1838
822 1893
1580 2444
3788 4883
552 4900
1387 2590
1093 2108
3438 4124
1313 1318
166 1710
1609 4157
1746 2070
2423 2996
560 3570
677 4802
1572 1653
173 1744
813 3879
197 3051
187 4214
3371 3500
569 1795
2640 4343
1203 4940
1226 3139
635 2227
726 4159
473 2646
3340 3447
884 3112
345 4175
758 2014
3293 4651
1877 2833
636 3954
1599 4296
571 4938
2541 4977
802 4585
610 4493
1441 1497
2764 2940
2607 4874
2531 2752
1987 3166
626 3303
2408 2548
2132 3485
2439 4644
4011 4696
1067 1143
1967 2854
1749 4798
2273 4548
160 4913
1901 4878
1198 2554
952 2036
2907 3862
4 2335
1798 4429
98 2101
1314 3350
2915 4317
1627 2931
1617 2893
2410 4753
2777 4429
3541 4545
1547 2135
1535 3433
870 3835
816 3597
1383 2325
4452 4466
362 4717
3038 4344
862 4188
3621 3880
3294 3942
1629 2925
1943 3163
1997 3871
2467 4164
1488 2516
951 2291
1634 3694
2294 2495
445 1383
324 1476
752 3739
874 1952
1466 4812
3682 4169
4684 4814
15 4536
3440 3794
1621 3282
4765 4884
336 3675
491 2434
2133 2458
530 950
2350 2630
1423 2336
1969 2141
2256 3044
937 2026
221 2053
3722 4541
1998 4827
2128 2206
2729 3879
3661 4222
1863 3609
2377 4969
3482 4058
1930 3824
3045 4397
2367 4855
2959 3414
1072 3781
2604 3924
13 1953
359 4760
159 4118
1091 4637
2627 4561
3422 3749
401 3864
1357 2459
1129 4570
11 3606
3166 4902
1868 3990
927 2491
140 4129
393 3586
744 1708
551 4401
1486 3022
141 191
648 4635
1631 3143
64 4192
539 1555
1493 2143
1709 4781
2803 3645
1785 4546
1088 1523
1158 1926
3549 4493
841 1531
2052 4050
1089 2558
221 2798
283 4783
16 237
755 2725
293 2711
1159 2243
2722 4642
1261 1411
1148 4956
1440 2782
3018 3959
376 2807
4512 4902
3979 4675
2977 3567
2162 2670
2834 4135
128 4537
1840 4261
568 2571
768 3009
38 3694
4720 4947
213 368
1118 4541
632 3951
2209 3803
2852 3631
4448 4691
564 4796
1181 2352
2997 3862
3070 4115
1124 4278
1791 2950
2550 4629
529 3800
2564 4877
2037 4760
540 4685
451 2776
1927 4782
1635 3945
1633 2266
377 1468
2602 3559
161 2303
2083 4964
1797 2015
959 4434
1555 3431
408 3670
1802 3496
2968 3314
261 2719
1663 2314
3629 4514
2111 4857
642 2700
2482 3070
2855 2890
2737 4370
734 4296
1188 1415
858 3365
835 3194
48 457
3156 3883
291 696
4068 4367
105 3864
3409 3791
769 2291
236 4162
556 4094
1252 2602
436 589
2201 3957
2835 3843
2044 4665
1956 2573
1734 2812
3257 3543
2497 3641
1925 3295
2251 4557
3556 4072
2325 3881
1645 4368
1747 4730
3853 3859
1287 2509
2345 3514
4422 4731
208 948
905 1303
947 3107
805 2124
638 3752
449 1411
109 3151
1557 3382
1984 4952
973 3183
912 3130
58 745
2138 3079
4142 4187
3866 4883
645 2284
413 1247
2301 3043
1121 4951
1550 1551
555 3459
659 3110
1555 3265
3320 4282
4119 4217
1500 4261
507 4764
1319 3264
1702 4971
2112 3778
2056 2418
4684 4780
881 4996
4212 4525
3785 5000
327 644
1043 3785
108 1633
1762 4097
2232 3442
1895 4287
3054 3338
315 3618
681 2999
132 3024
243 753
546 710
2825 3826
1003 1072
3907 4081
3492 4486
162 3389
2739 3971
960 4285
1207 3925
745 4963
172 1887
540 1947
2583 2785
1273 2851
2320 3869
3819 4193
658 1677
876 3254
3878 4270
1710 2710
4596 4681
2332 3233
425 1229
1795 2745
773 1619
2255 4849
1356 1851
2178 3989
1569 4907
2509 3955
1699 4370
988 4304
470 2212
3004 3727
1289 3065
123 3079
4359 4968
1188 2409
1231 1677
240 4295
1307 2645
1387 1899
1388 1510
2459 2650
15 659
63 1415
335 2316
1161 4258
2508 4636
2684 3349
369 4301
3160 3622
1388 4304
43 3222
4711 4778
387 4463
1729 2062
260 2894
110 187
1336 4058
3703 4496
1307 2524
1353 2935
1443 4819
6 505
914 2905
2303 2693
2188 4945
362 1005
1102 1257
1749 4527
2051 2328
1312 3446
2204 3158
251 3561
872 2554
1049 2585
3338 4149
2075 3364
765 1879
947 2576
161 3291
1143 3624
489 3991
2620 4697
1826 4694
1449 2755
361 4152
1903 2960
3631 4047
2174 3158
3659 4071
987 1565
2177 3369
3634 4305
618 1795
3401 4639
2160 4158
993 4894
1458 2851
348 4961
1745 2432
2862 3027
1272 4661
28 230
2661 3459
1485 1772
125 2330
3216 4946
1632 2937
2639 2959
3188 4477
2935 4018
2141 2200
1883 4197
495 2611
2954 3583
803 1054
2653 3848
592 1615
539 4987
2945 4661
489 4529
1035 3423
545 2038
656 4997
1084 2351
1851 3239
893 1056
192 2836
440 4489
3727 4359
2623 3609
959 1389
3296 4362
3054 4342
1559 4845
1534 2153
1511 4317
3801 4973
2832 4539
3900 4172
1764 2480
513 4562
255 2747
1139 2257
2056 4719
4601 4888
3719 4508
836 3391
3309 3883
3686 4423
2070 3258
3400 3624
880 2837
608 1528
1957 4174
413 1216
2075 2909
1977 4131
1047 1957
840 3056
213 707
129 1509
1131 2198
2173 3473
2662 4530
419 4404
1657 2378
2552 3371
1027 1829
531 2073
992 4260
2075 3474
3003 4982
738 4736
867 4773
3612 3875
944 3446
3168 4816
1644 4848
2323 4194
4108 4205
1009 1592
194 2290
763 3818
151 2268
260 573
4447 4742
39 1743
1590 2706
2617 3922
3252 4229
314 2698
792 4860
3387 3733
3474 4815
580 2002
2858 4419
1426 3194
1606 4950
282 1874
4092 4778
2416 4241
2434 3682
1940 2070
2695 4897
1415 2976
422 2696
70 70
2959 4082
1147 2225
78 3662
1019 2452
1499 2017
350 4967
1906 4349
1752 2197
1290 1871
1397 3663
2621 4864
2641 4436
1393 1848
2901 3019
2005 4826
1951 3984
909 2879
305 1388
367 2903
499 2951
805 3399
848 2809
1256 2879
2109 4350
737 2164
613 2115
1211 3221
1690 4440
2305 2494
1424 1456
163 2340
4455 4947
2250 2711
2784 4043
513 2104
1144 4088
2566 3737
397 4290
1695 3898
323 1666
1978 3075
2501 4909
39 2936
2047 2335
3847 4983
754 931
2191 3865
631 3255
4222 4326
1661 4390
1777 2621
311 2443
2425 4993
4310 4325
3189 3475
39 171
933 2753
177 4326
372 4399
458 2148
542 4235
2754 3617
1997 3939
4327 4733
3837 4196
2593 4013
1539 2965
1464 3133
3166 3349
28 438
3329 3991
3147 4912
996 2486
4083 4832
197 2906
1429 1676
4640 4959
3762 3961
371 1602
2039 2442
1757 3487
939 4903
1680 4123
1578 4231
3191 4347
948 1691
4133 4914
311 4338
752 3008
1494 4084
1990 4827
150 1136
2592 3919
2396 3378
1414 2418
4754 4950
1615 1857
716 802
3398 4151
3977 4477
612 1739
2009 4127
278 4404
1586 4594
602 2999
543 1419
3504 4324
1478 3968
2965 3447
3925 4306
3861 4973
728 2780
3726 4138
1965 3665
2216 2567
1028 3202
3521 4261
83 2991
2789 3526
1467 3217
305 498
3064 4482
2982 3400
703 1132
2330 3874
4371 4459
292 2634
2858 3786
800 2191
2281 2289
3429 4335
1221 4760
1051 2984
2193 4320
2081 4271
2348 4410
3395 3867
942 3426
247 3970
1515 3791
328 1722
2043 4626
1258 4336
57 3516
3848 4673
2918 2976
1946 3515
759 3164
3308 3625
1093 2975
1873 2823
2158 3231
1746 4482
459 2071
1586 4839
1193 3540
1873 2178
3039 4833
2051 3587
1410 2919
1149 3923
4756 4919
3485 4246
1190 3909
980 1379
1217 1648
2456 3994
77 408
812 3302
896 1976
3811 4970
3557 4987
1236 1758
1004 2242
94 2401
728 4348
975 4538
3023 3081
1137 2560
178 2304
1056 2301
1259 1783
169 774
1362 4380
2510 4862
558 4190
1067 3447
2879 4683
2242 4089
626 3725
508 1306
470 4532
305 2460
2207 3079
2761 4829
452 1355
801 3122
1846 3370
1027 1427
3236 3296
2121 3541
1558 1650
3196 3815
1376 2308
14 263
2061 3180
639 4498
432 2790
580 3905
708 4280
3095 3312
357 1764
976 3161
979 1615
1915 3565
1354 1451
381 3699
239 4534
2846 3038
4645 4685
2774 3800
1129 3559
592 2990
701 2919
1817 3510
821 1804
1337 4147
49 1814
2464 4526
1205 4443
320 686
547 1443
3246 3488
3778 4582
116 1170
1071 3191
1187 3534
958 4780
1222 4096
4019 4790
2228 2316
1750 2945
1135 4939
1684 2820
475 2870
2394 3158
4726 4863
1753 2735
718 2184
1481 2561
287 3967
800 3494
1090 3798
4331 4495
2605 4086
1490 4661
1059 1383
801 1821
1247 1432
1277 1413
1997 2047
2057 3445
568 2892
2110 3010
1457 2299
1959 2224
3607 4299
1119 3017
4627 4819
1729 4071
738 3781
3577 4674
2566 4146
410 497
3506 4254
1625 3871
1170 3125
348 4434
1064 4850
511 2479
59 958
776 3937
4359 4686
594 2042
1700 2355
1225 2395
519 4677
2524 4193
4552 4940
897 904
1192 4610
1998 4112
1154 1760
1934 3873
2619 4308
1693 1980
3429 3941
3316 4075
976 2724
1915 4340
735 2511
3436 4524
183 1701
1897 3061
4012 4813
1135 2817
2621 4322
13 2667
178 887
450 747
1622 4945
1646 3885
1217 2092
1591 4488
1382 2981
1848 3269
2288 3674
311 2465
245 1932
88 1758
1389 4326
3813 4068
2952 4792
3670 4329
2598 4005
80 4885
4121 4420
97 1447
115 1430
3298 3539
1382 4729
119 3475
256 2857
3628 4605
337 620
2237 2428
2688 3495
74 2277
2167 4720
3864 4723
3500 4722
527 4792
866 1897
3838 4390
1009 1617
216 4587
1452 2429
3416 4884
4283 4740
3166 4013
910 4722
2052 4747
1702 2801
769 4641
1037 2244
1830 3676
1104 2604
2487 3281
2216 4519
2700 3727
995 2661
2382 3764
1469 2764
1359 1836
511 3857
1460 3188
1468 2966
2484 3947
2673 3684
908 1535
151 154
3917 4510
2765 3884
611 3470
1591 3297
2651 4698
560 4624
2332 4676
741 2670
1366 2201
228 2836
3684 4538
169 2333
4830 4866
4564 4642
1150 2771
708 4082
2023 4295
3316 3718
918 4116
2194 4682
2156 3827
3365 4948
2057 4885
879 3462
4890 4973
3690 4203
1665 2886
1265 2818
710 2143
2102 2903
1549 4268
227 2721
2272 3908
1793 3214
1668 2330
147 4681
1067 2933
1427 2778
405 3128
79 3544
2812 3032
2413 4390
1285 4343
2275 3918
3047 3703
117 3451
1255 2141
1531 1993
1660 1877
1932 3050
860 3761
1576 4572
358 4089
946 4774
531 656
674 2414
306 3791
667 2583
1985 3317
1010 1585
674 4286
412 2719
1509 4813
469 3289
702 2040
4019 4865
1843 4620
257 4803
1833 2631
919 3347
386 3653
1146 2972
2842 3071
4507 4528
744 1487
4446 4877
1886 2707
3678 4673
954 3348
978 4433
4131 4138
2790 3248
2571 4516
206 288
3418 4399
885 4216
741 1323
2347 4027
4106 4418
1056 1822
169 1701
2499 2499
746 1615
1928 3317
2207 4039
58 2647
3970 4629
1568 2668
812 2623
984 1010
3508 4648
2614 3483
123 605
485 3402
38 2479
2297 3593
1239 1942
2429 4203
644 4747
19 775
1022 1958
1596 4096
516 3981
2669 2944
232 3384
1199 3532
868 3124
207 254
1028 3283
1790 4924
372 429
761 4737
182 3943
280 1765
1240 4877
337 1148
2753 3880
1878 3245
1857 3909
689 1769
1505 2228
1744 4233
981 4647
1412 1774
1530 3339
234 1512
20 3606
1450 1605
1661 4463
687 2441
2502 4080
2664 4208
3195 3918
1152 3079
2532 3574
179 2423
3237 3981
1421 1839
918 3924
471 3922
1744 3747
741 4734
3339 4113
986 4824
821 940
3417 4540
1482 3786
2974 3751
2497 4531
616 1069
2994 3237
2993 4557
1169 3912
3150 4009
436 1566
2513 4365
1235 2582
1494 4316
980 2403
3261 4517
1129 2763
4328 4777
632 3148
3635 3668
2496 3475
643 4225
960 3559
2813 3635
174 281
1247 1403
2523 3394
2061 4398
382 909
1450 2693
1327 4703
551 1361
3054 3082
1105 3788
2569 3628
2854 3145
1915 3672
4130 4593
221 4546
942 1752
899 2481
193 822
3886 4454
273 4601
182 3646
2658 4896
262 4606
960 2226
564 4885
1688 4132
1225 2529
2308 2828
73 4130
2235 3203
38 4070
1446 4612
95 3096
1976 4485
621 2492
319 1265
1746 2928
813 3980
3862 4777
84 3099
3477 3969
1941 4924
1243 1744
3820 4024
1764 4849
1869 4914
1447 3304
2272 4023
1198 2040
1633 2440
2815 3538
219 297
3591 4845
1111 4880
114 1826
849 1611
777 3679
3450 4083
1885 2041
354 4479
792 4292
2142 4787
983 3304
2542 3445
271 3348
1392 2471
1149 4194
3276 3520
4430 4599
894 3878
286 2917
2395 4967
1777 3186
1490 2751
1204 2377
724 3727
1226 4125
566 3940
931 3737
3925 4059
3170 4763
3836 4374
2199 4214
1246 1568
2044 2495
291 3824
1029 4688
2686 3119
2058 2452
1188 4603
777 4340
3399 4461
1162 2920
576 1349
3348 4960
999 4980
4016 4376
3928 4147
2142 3996
1191 4791
2211 2663
3391 3719
2702 4852
3999 4113
2454 2982
1328 1487
1877 4608
402 621
883 3895
304 806
2738 3229
1210 2804
2384 4582
541 1948
2568 4261
353 2294
2541 3535
692 2587
868 3728
326 4701
3655 3961
1616 3972
2155 3545
492 4683
1341 4411
3076 3636
1244 3428
1966 3854
1241 3968
2848 4069
899 923
1218 2770
1079 4041
4254 4324
1038 2608
848 2162
1230 4442
4540 4890
1714 2566
382 4027
148 980
1653 2957
3633 3808
490 4670
410 1337
2735 3061
1669 4083
424 1658
2037 4989
2092 2157
2927 4982
2067 4091
3194 4465
21 4862
532 1966
2278 2930
1761 1932
245 1099
3486 4832
497 2316
633 3540
2337 2381
649 4614
1668 3199
691 4935
1747 4459
643 1693
2075 4787
2247 4327
772 3467
1619 2990
3559 4587
161 3784
1913 3259
470 809
3682 4243
2168 2359
3037 3778
3755 3808
2540 3883
886 4052
2310 3613
201 4150
1265 2863
2342 4320
538 3045
1870 2100
852 1355
505 847
635 4338
3657 4919
2329 2976
1877 2113
986 4681
2387 4698
1896 3190
1057 1246
1898 2314
2003 2532
1805 3619
731 1324
2326 3216
658 1065
307 1161
1344 2467
3852 4099
1744 2047
262 334
2040 4811
1453 2328
245 1601
91 1174
2256 4401
684 4951
1052 3780
2477 2880
3677 3780
229 4687
1922 3913
3314 4799
2736 4177
899 4772
2438 3302
1158 1227
6 3616
599 4834
1315 3817
1756 4499
393 4305
531 547
704 4761
1645 4049
538 3575
1674 3216
227 3547
1144 4784
331 1059
605 1694
1817 2632
604 4574
3120 3751
1117 2182
161 3497
1099 4120
303 4260
1995 3164
2877 4641
2695 3763
226 2998
1468 3968
2042 3462
3318 3541
404 2498
2267 2721
198 2491
1802 3147
4441 4496
1301 4448
2245 2537
1077 1078
891 2832
1670 2102
1600 3919
2079 3471
2966 4861
1881 2646
2093 3600
2488 3182
611 689
1250 4917
2748 4186
1682 3493
916 4016
4268 4762
1560 3479
1124 2742
2693 3440
2973 4569
97 4936
2703 4196
199 802
3077 4655
1377 2978
4091 4363
1089 2002
3962 4766
703 4058
2326 3405
460 4804
810 1146
1903 4888
2455 2872
2202 3028
2179 2644
3251 3268
2556 3135
979 2362
2771 3609
1438 2375
3136 4340
1561 4304
3923 4405
843 4811
4597 4746
2995 4710
58 1130
3072 3964
1079 1295
853 2190
1594 2834
3997 4775
2098 3788
3538 4645
1272 1781
4033 4580
124 3629
4488 4590
1343 2977
841 1691
2981 4378
1272 2607
3539 3567
981 1169
759 3095
23 1820
89 2995
1504 2148
1476 4196
2601 4198
3131 4793
1182 2464
1030 1793
467 2790
324 2799
4618 4716
197 4706
254 565
3603 4206
549 4519
1479 1578
253 3117
346 4758
278 2021
1256 3915
393 1018
260 3597
3456 4274
1737 1833
2505 3341
1222 2384
2058 3829
1198 4588
1481 3802
427 4520
1352 1791
3453 3462
345 1613
611 2919
1234 4020
2821 4297
1220 4030
886 3203
437 1686
261 337
549 1844
500 1435
2729 4972
1407 3165
411 889
134 3306
736 1501
472 1128
3287 3726
50 2823
2339 2367
3315 4101
2406 2593
390 3448
3273 3470
1322 4871
1247 4008
1355 4510
1990 4221
3530 4376
1321 2700
293 1156
1904 4227
3234 4869
731 4503
75 940
1736 3108
2089 2552
2992 4929
1169 4636
1669 2039
1265 4716
937 3573
738 4501
1926 2473
2397 4622
713 779
415 4833
2949 3435
3041 3885
1903 2785
112 1245
2903 3599
1067 3868
1469 4815
1669 4221
60 3087
4164 4452
2214 3865
4477 4797
528 2377
1148 2087
702 2787
1646 3344
3431 3452
271 3187
5 4551
1637 4562
3387 3691
110 1855
198 4795
280 3108
487 3985
3777 4173
835 4048
2571 3824
28 3203
2997 4327
1913 4629
2712 4272
3071 4003
667 2207
3570 4522
1830 4532
1725 2733
1133 1222
1113 3507
549 2942
340 2094
1178 1736
920 3416
277 487
2082 2685
3476 4923
1711 1878
1174 2058
227 563
2767 3272
2931 3146
4073 4779
3188 3449
2160 4160
1352 4346
1225 3210
172 3375
162 4894
798 2809
2732 3353
2697 3618
1193 3679
1726 4617
975 3730
563 593
959 1028
1462 3260
241 3403
2401 4081
3373 3508
2149 4347
1078 1775
2196 4374
401 3194
2806 4506
1743 3215
2861 4525
2277 2357
1792 3355
2728 3115
860 1586
312 3304
4181 4239
2239 3172
1601 1798
4728 4905
270 3517
3794 4316
2200 3514
4104 4862
3517 4219
1427 4934
1775 3935
3018 4056
328 1239
460 752
2085 2279
23 1161
487 1449
86 1781
124 1821
876 1898
107 677
1414 3924
1436 4785
2481 4376
1156 3732
1942 3918
738 3024
1195 2066
3963 4196
1047 4723
810 2033
1940 2649
2924 4968
1104 3353
1141 4359
3240 3641
923 2445
4312 4839
1594 3613
545 2894
972 4744
955 4817
1630 4381
267 4886
1238 3312
2603 4539
707 2555
2046 4909
174 1713
129 4026
383 4565
2338 4087
2636 3305
467 1469
466 3990
2302 3974
609 1256
2282 4006
1715 2509
684 1091
747 975
3795 4672
1555 3069
3394 3769
1824 3856
1463 3258
179 3784
1667 3813
1321 2501
2340 3381
917 1184
2782 3095
1880 4817
4488 4932
1446 2792
1560 4051
4259 4839
3096 3383
1051 3275
160 4069
3801 4759
2295 3851
1945 4717
1244 2482
3765 3853
1663 3675
1235 3335
994 1748
816 4673
1355 4616
684 3078
2132 2658
118 2705
147 3631
1592 3955
2591 4178
3851 4634
2138 3406
4373 4634
2711 3492
418 3567
666 1626
3873 4631
1074 3497
1201 3733
1174 1691
2597 2765
3369 3846
2093 2472
684 4619
1795 4632
3135 3654
1673 3592
2490 2943
414 4509
105 639
1846 3527
655 1874
4292 4526
258 300
2951 4599
72 4816
1807 2740
4155 4474
553 2894
732 3204
1510 3848
499 4240
1217 1767
1648 3092
2183 2680
1256 3296
509 1788
276 1681
2272 2467
2432 3488
320 4375
1368 1968
1773 2353
210 575
289 1052
1880 2896
270 1207
231 2576
43 2928
1354 2485
1173 2661
980 1524
155 4086
531 1106
2060 3762
1339 4270
3957 3991
1919 3050
978 1972
1904 3684
207 1980
871 2883
634 4083
164 3147
1433 1502
740 3763
1753 2893
3341 4618
1020 2929
1075 1334
389 4842
1429 4170
911 2233
2605 3002
1071 4432
2486 3548
1995 3935
1487 2583
3705 4828
2513 3219
973 1601
770 2493
1077 3753
1034 3423
808 3456
2631 2882
813 1468
4050 4775
552 2300
1739 2343
3943 4275
1768 4063
1267 3985
444 3919
386 2486
1123 4738
794 2441
1425 3886
366 3412
1587 4183
572 1292
129 4543
799 2309
1795 4185
1093 1729
941 3874
225 567
781 4432
11 4065
230 758
4167 4676
1187 4953
2228 4856
1774 3786
564 4744
3525 4551
1660 2824
1788 2711
4015 4858
1065 4326
45 2839
2619 2934
4029 4866
3172 4534
62 1764
495 3844
879 1006
1908 3090
2265 4403
861 3568
746 1116
178 1803
3012 3885
3210 4192
1785 4076
606 1829
1413 1830
4187 4596
1014 2653
643 3945
2352 4834
820 1147
3716 4120
868 1480
123 1488
3909 4520
4777 4947
1705 2676
2973 3189
255 2460
1577 3131
1408 4397
876 1700
3188 3628
1869 2121
2068 3791
2819 2998
175 791
1516 2889
1816 4226
1593 2566
748 3821
925 1982
2125 3039
1036 4344
820 4943
2085 2221
720 994
19 680
495 3566
174 1665
4310 4809
2061 4927
265 1980
3491 3995
670 4367
4284 4584
1298 2950
1599 3882
95 191
1661 2248
2174 4579
1958 3721
2052 4783
2005 2223
1431 3238
754 767
3771 4206
3507 4933
296 4785
65 1802
401 2513
1797 2575
1133 2449
899 3238
3171 3338
2514 3057
3031 4222
3022 3628
321 516
625 1923
259 2036
212 3117
3778 4137
3358 3503
1672 3803
22 2428
986 1998
306 1127
3791 4552
2376 4792
3221 4920
2210 3256
509 2340
500 2102
2792 4175
1806 4165
1162 3656
1332 4645
2123 3956
1428 2266
2185 2234
490 1000
208 3585
2072 2181
2676 4677
674 3040
1995 4007
643 2796
1413 1854
773 4950
696 928
1348 3781
1311 1555
906 4179
3866 4421
449 1017
408 2893
270 3755
608 3893
1974 4439
921 2326
2277 3620
175 1174
1704 4939
1624 2432
1724 4139
184 543
1333 4707
2032 3509
643 3605
2015 2919
2858 3750
720 4481
392 4161
555 2045
1227 1846
1209 3221
1140 4026
2775 4575
997 3997
2395 3068
3157 3855
1262 1782
2294 3022
1419 3005
1624 2848
1478 3953
2631 4813
180 602
3822 4433
3667 4961
309 2584
4243 4663
344 1638
260 2957
631 3936
1073 1389
1825 4428
740 2945
153 1049
121 585
1140 3562
397 2213
2268 2503
236 1002
1051 3412
1756 4054
3289 3810
2453 4761
1493 4286
1490 4750
1646 2629
48 2616
1898 2366
129 3653
872 2412
1511 3324
1271 3000
1981 4088
52 2916
1310 1821
281 3518
754 4632
951 1359
11 4877
2288 2432
827 2520
1773 3449
2717 3851
1693 4026
1082 3656
501 1616
3337 3951
2214 4965
1982 3986
2161 2481
1506 4005
1821 3939
956 4513
2178 4528
3299 4286
3028 4207
87 2436
3752 4288
2637 3517
1109 4797
2 3855
985 3174
2703 3162
1509 3013
448 624
1263 1595
3895 4200
786 1531
270 1894
2014 4033
3558 4415
2512 2610
41 3876
407 2440
4072 4438
3470 4125
1787 3379
988 4405
2972 4298
268 1698
1725 2363
3785 3916
1802 3606
1984 4283
156 1760
4809 4955
2140 4894
1820 2275
1640 4329
1846 4793
3381 4918
2191 3969
728 4198
505 3698
473 537
430 534
2108 3965
233 3599
1503 2512
106 4674
2237 2777
3922 4392
2622 3549
2747 3156
3206 3350
238 4603
2194 4526
3389 3991
616 1957
2391 3928
3552 3923
229 1594
521 4217
1845 3971
2327 3102
1258 3207
2446 3209
3941 4766
1827 4031
57 1140
6 3658
3830 4635
2442 2539
2099 3736
253 2168
1671 4071
1415 3953
831 897
1967 2730
1370 2162
2730 4079
1670 1976
3125 4026
3208 4802
1463 2784
3207 3506
381 973
1623 4948
935 3195
2189 3260
2449 4952
18 1259
2250 4816
2162 3719
142 1755
1462 1764
24 3989
1152 3650
201 4809
84 2552
162 1853
171 2412
3428 3571
3911 4909
100 2034
2268 3851
123 3703
155 2916
1679 3142
767 3122
2924 4677
1824 2791
3083 4147
1181 2853
2598 2702
4054 4072
2214 2911
1361 2929
1049 3694
2415 2549
730 1140
549 4114
252 2121
1193 3305
1390 3406
293 802
82 669
715 1653
1047 2272
51 3461
1015 3222
343 3209
1513 2618
1292 4079
940 1313
539 1039
223 3139
2051 3571
1942 3453
4252 4308
1926 4721
2568 3898
1515 2533
484 1244
734 4038
2099 4136
1687 2636
1104 1625
3176 4293
2698 2726
3201 4813
2345 3403
4646 4715
105 4180
1237 1732
867 2712
54 3335
421 3439
2426 4778
1402 2107
2751 3529
1369 3253
4124 4570
636 1762
1852 2092
1156 2178
1864 2719
999 1942
1719 4298
2756 3425
1953 4472
401 507
2383 3424
496 519
1440 1799
1092 3427
519 853
9 1257
729 4294
1152 3313
2443 2481
820 1177
2037 2887
1811 2555
580 3120
1511 3955
1070 3591
1053 4865
2393 3326
2429 3224
18 222
4129 4697
3355 4708
873 4885
1077 3622
1379 3001
1592 2029
2780 3801
3665 4014
4783 4990
1817 2293
2294 4225
1030 4723
729 3973
500 2175
118 2282
461 3282
575 3502
157 2278
3801 3927
3520 3701
630 753
766 2210
492 2608
2461 2578
1344 2617
899 4035
1139 2324
2885 3567
332 1448
15 1339
1772 3459
669 1834
793 3889
2222 2673
1919 2835
159 4367
894 4409
2975 4104
1469 3307
376 4415
443 1044
2998 3261
933 3483
3104 4963
2798 4574
2668 3757
2230 4137
4808 4906
2054 4493
418 1269
510 710
3248 3424
1937 2267
2441 4166
1511 3546
93 825
1436 3391
657 2085
2679 3372
17 3362
390 1461
1735 3444
1015 1054
2801 3047
563 4919
3309 4886
1970 3350
322 2500
2782 3840
300 859
2125 4523
185 1864
1576 4725
725 950
508 4548
3387 4583
1793 3289
1696 3917
4127 4832
1515 2111
3216 4293
173 2012
696 4402
1703 2550
705 4354
2606 4867
1050 2439
614 4876
4168 4527
2891 3829
93 2513
1414 1847
3120 3653
715 4415
1342 3852
885 4506
2304 4004
1335 2876
3844 4824
1638 3677
3729 4981
2434 4491
742 2642
398 3436
2732 4907
2504 3389
613 756
1527 4723
799 1905
340 847
4414 4958
1500 3441
3631 4659
800 904
1224 1617
1527 4629
290 866
1291 3881
1738 2790
850 3817
433 1989
1614 3425
810 3762
1080 4033
1985 2133
2998 4309
559 4966
680 887
2093 3477
2509 3510
2865 3172
1656 3702
1644 3903
2742 4564
497 2577
2161 4120
252 605
129 2809
1510 3117
549 784
3560 4593
143 1301
1999 2615
2226 4159
2222 2614
2575 2862
804 4069
900 3336
951 2928
3408 4036
1069 1989
4466 4523
766 2262
1885 4836
826 1176
975 3770
4191 4987
2364 4468
1456 2746
3621 4785
2046 2273
1387 4386
2950 4545
2255 4145
4267 4687
1025 4581
1358 3457
3233 4236
1339 3220
230 1050
1856 3465
42 3227
1683 4039
1090 2751
164 1580
2858 3397
1100 4032
3604 4100
1501 3790
157 4168
2210 2374
124 2054
35 800
1299 2624
1274 3750
1142 2605
977 2973
682 4136
2444 2525
2008 3830
1403 4967
516 4707
648 1611
1120 4760
1080 1953
1184 2051
1435 2905
3185 4794
1159 2738
14 612
559 3593
203 827
965 1474
2589 3397
447 2536
1792 3772
983 3233
3026 3525
1022 2628
4043 4413
264 332
3924 4354
180 822
1952 2990
1919 4344
617 4507
2683 4898
2525 4966
1739 2919
2272 4642
2491 3803
4568 4981
1898 4198
1162 3640
431 3645
1228 2955
873 4340
333 2966
2341 3821
4208 4582
2980 3776
1762 1838
482 1210
2382 3544
1134 3609
2926 3723
3076 4221
2015 2305
1350 2799
852 2597
1319 3624
1441 3777
61 1107
149 4828
2402 3298
1097 2679
184 990
3037 4194
231 526
501 2288
76 4759
3435 3829
1182 4326
4706 4842
1124 1435
3458 3548
1698 4394
995 3156
1251 2321
2825 2850
1239 4006
323 4637
1718 2798
504 736
900 2850
503 4358
2513 4447
270 1778
4098 4816
1701 1922
1672 2939
1143 1350
4107 4337
3191 4609
2457 2558
4335 4944
1111 2726
598 3432
1317 2298
1588 3985
2134 4340
2340 3647
1039 3635
524 3403
1727 2117
1101 4429
120 4666
1531 4586
443 2805
4102 4446
3092 3864
178 482
1063 3445
747 1586
148 2078
1663 4935
480 3457
2903 3426
3641 4581
936 3902
3179 4135
2276 2750
3137 3570
330 2951
2885 4199
1800 1975
1752 4059
1265 2579
1452 1821
390 1382
2538 4441
1159 1853
3597 3972
1940 4011
1361 4064
885 1046
3780 4164
2067 4765
1080 1288
3062 3409
2194 3163
15 2312
1283 4705
614 4963
816 1201
1617 2562
126 3739
433 3544
1671 3494
3691 4833
2385 3467
738 4001
1077 3428
1221 4331
2874 4580
2813 3535
103 858
231 1758
999 3301
4159 4487
717 4896
251 1248
3777 4589
3347 4578
2864 4210
2510 4912
2241 3020
1929 4309
3267 4242
3296 4769
330 2253
21 4192
2211 2914
2151 3613
734 1727
312 1671
1542 2434
3554 4040
2348 3884
3075 3455
1369 3720
4466 4871
302 2958
1451 4037
799 2729
1861 3904
126 2799
518 1791
1568 2891
3917 4370
416 892
2545 3639
215 3469
809 2076
629 4268
1059 3667
388 2141
822 3666
910 3100
378 1237
810 4570
196 3355
1365 4775
1850 3920
978 3780
16 4912
1611 4084
3033 3461
1415 3475
927 2177
3732 4388
894 4525
128 4930
1284 3999
1160 1403
3487 3560
1819 3486
3312 4169
1345 3233
3973 4239
2502 4866
70 4976
191 1453
1382 2700
3929 4209
2683 3387
3224 4324
2616 3057
2921 4344
3395 3757
1024 1445
653 1202
464 4952
628 1261
678 3310
2810 4222
1272 1389
3422 4667
2463 4626
827 4445
727 1290
2298 3321
193 3847
1342 3253
279 3395
324 516
3256 3774
189 1595
2613 4752
4378 4962
1528 1620
1514 2565
1399 1706
1310 3503
1897 4092
362 3572
167 2863
1863 4131
558 4696
1251 1268
1864 2766
250 873
3596 4857
4071 4174
596 3037
2732 2937
556 2505
2134 3327
1142 2126
1818 4549
707 898
3122 4945
1321 2308
1107 1268
623 3533
1469 3328
833 4706
40 3376
651 2032
1557 1986
986 3615
922 1004
985 2645
122 3169
2267 3175
2182 4269
2606 4430
57 488
2843 4160
1767 2131
2525 2742
2785 2803
382 3845
183 3915
2517 4061
1390 3105
236 334
3075 4508
1915 3473
1207 2432
270 1463
2045 3033
138 4051
1284 1673
29 1970
2878 3771
3279 4886
777 4278
444 3331
1530 2562
1946 4113
3164 4926
107 2481
2680 3183
2213 3204
3604 4191
3484 3748
1228 1901
2323 3590
77 2029
211 643
1018 3516
1450 2819
1572 3662
678 1249
2721 3890
375 3781
182 1953
701 3137
706 1387
497 4508
2347 4665
913 4432
3156 3633
4535 4689
1057 2638
917 924
2360 2895
1706 2499
2163 3109
3892 4052
3427 4428
338 3145
396 574
2703 4105
1124 2356
130 394
2160 2527
3756 3905
617 3433
1623 1685
4040 4197
1387 2746
2844 4095
840 3074
180 2973
1851 3839
669 2339
1243 1878
2617 3874
450 3059
3579 4276
1791 3970
636 986
1889 2100
661 3365
2128 3837
2806 3993
1255 2222
78 1570
3035 4720
3129 4695
686 1608
4429 4484
4296 4343
1618 4954
1318 3805
750 4312
2567 3878
486 2538
226 4604
1843 3714
1581 2844
1429 1456
768 1910
1056 4774
1304 2893
2958 3888
375 4498
200 3741
3747 3760
3072 4514
639 1155
1866 4830
2410 4641
1223 1644
482 1934
4311 4947
841 2970
2483 2683
190 265
743 4473
125 4396
2283 3968
150 3332
2972 4148
2143 2559
2479 2495
2742 4624
1096 4456
3924 4106
666 1895
2344 2585
2209 3996
683 1525
1272 3641
2622 3766
1435 3078
700 3215
371 547
632 2733
1782 2752
69 3899
5 1037
727 2454
2685 3039
327 805
1993 3575
1445 3676
2043 4900
603 2047
129 3853
188 2039
1429 1802
3586 4224
1302 4724
2504 4474
1087 2831
799 3623
593 1826
3873 4899
1896 2547
227 4725
1617 3446
1145 4904
1729 2627
1216 1605
1042 1610
1818 4674
2300 4487
1223 4899
2718 3528
132 1147
2712 3204
1260 3414
328 3288
2961 4601
439 3498
2788 3014
2234 3940
1870 3129
801 4242
1576 3412
2500 4803
1841 3016
2496 4357
1788 3710
686 3941
3704 4662
348 2261
2871 4531
1076 1285
376 4053
437 2150
3049 3576
639 2875
2406 3199
1550 4861
604 2974
2059 3687
836 1029
3031 3847
2423 4398
2264 2431
213 4791
765 852
2288 2314
3852 3962
3523 4455
1786 3016
458 550
340 1754
2874 4356
3749 4937
251 769
1557 3952
3406 4889
1739 2310
1199 2955
1301 4485
1386 3998
1681 2957
4432 4590
1020 3018
1134 2196
3032 4265
544 769
197 1717
3680 3980
1164 2925
635 4886
1435 1547
179 939
1555 1682
468 4562
128 1716
3456 4499
1990 2080
63 4267
1557 2538
1154 3111
630 4686
2048 2835
1295 1437
373 2774
3344 3419
442 850
1460 3958
3306 3395
838 952
77 4334
997 4006
181 3670
872 4563
323 610
2906 3528
947 3348
2472 2504
423 1152
2934 3177
2840 3156
1683 4749
1590 2098
2192 3866
1111 3496
1813 2072
3230 4136
1640 4957
3620 3862
2038 3136
1060 2479
1667 4085
2066 3479
3074 4600
950 1851
681 4239
1770 3361
2455 4260
1065 2007
2815 3679
1573 3709
594 4832
82 2148
844 4185
353 798
828 4538
2578 4519
1428 4627
1385 1972
3306 4491
1624 3254
1754 4358
2242 2839
2722 4496
1129 1743
3714 4879
721 2513
1095 1597
4239 4289
2192 4226
1392 4605
1522 2534
4276 4954
1184 4002
2867 4341
1985 2944
696 1064
1704 2990
1236 1286
1863 2734
2338 3428
435 3254
1891 2498
302 3712
4100 4625
426 4616
902 4391
89 2764
844 3996
1080 2417
1905 3648
1117 3682
343 516
404 1783
346 4717
2587 4368
1025 4649
1104 4702
830 2510
295 346
62 1285
3261 4027
1209 1643
185 3388
790 3682
379 2619
255 2436
565 4008
3634 3960
3361 4495
1135 2006
1153 4421
3268 4873
115 410
728 2272
2583 2641
4049 4362
614 2325
51 4210
1957 3572
577 4287
577 3326
3735 4221
1059 2932
1555 2933
1925 3139
2500 4138
1677 4763
370 4009
2090 2424
749 4685
257 2666
397 2118
256 321
3876 4959
1074 4295
3419 4046
1355 1690
879 1473
241 2603
3913 4220
2371 4986
1383 2670
257 1002
456 1852
1055 1345
2817 4085
3780 4658
1477 3828
165 3646
2667 3848
1126 4549
3006 4366
1660 2658
354 2936
3372 4066
2350 3170
483 3358
1928 4400
3045 4253
201 652
3180 4220
1878 2477
412 1191
256 2231
1753 3784
724 3587
335 2761
2161 3500
707 1557
4052 4956
1546 4748
4150 4427
571 3382
2479 4190
4145 4791
53 2915
1216 1472
1975 4700
1898 4007
396 510
1288 2673
135 897
299 4859
289 4129
3377 4120
1372 1680
704 1319
2216 2660
697 774
1457 2275
2440 4541
3467 4810
1863 1872
1234 1320
1086 4664
2695 2809
1468 3398
3346 4786
679 1430
1239 2138
4009 4145
4359 4453
772 2878
1607 2657
1817 1890
879 3183
4320 4543
972 4224
1361 4998
494 2210
1663 1721
3148 3786
2292 4755
407 3258
553 2989
154 4457
3995 4715
2897 3664
3207 4873
449 3568
2740 3161
2586 4763
869 2333
1942 4877
3436 3846
2545 4733
957 1981
1900 2103
918 1817
1308 4719
3147 3528
4823 4928
2865 4806
2990 3061
2779 4829
3099 4297
2624 3419
212 3798
3868 4357
1325 4361
846 1049
1690 4625
1916 2679
1097 2665
1503 2272
2984 4908
948 2827
3875 4744
2544 3430
1108 3928
2945 4460
1702 3556
702 1356
1383 1610
1353 4948
1564 2668
380 3977
1440 1465
2423 4008
3789 4014
4293 4966
777 1248
1155 2237
413 3571
1533 1924
1871 3147
1108 4237
1313 4225
689 714
3117 4463
780 4861
998 2909
1739 3614
865 4662
1585 3586
2985 4807
2474 4192
1222 2808
2724 4593
805 1412
1411 3264
2112 4501
1724 2098
912 1061
1188 3410
1028 1652
350 1144
471 1542
2058 3547
3977 4322
1942 3866
2373 4481
4275 4859
2738 4266
917 3307
802 3766
1659 2618
1170 1649
2564 2715
3400 3617
30 3658
2156 4304
1371 3072
689 3411
1035 4381
1030 4996
9 2204
4332 4573
3558 3884
704 2473
1131 1349
591 733
2169 3998
707 4210
2611 4033
2690 3454
541 4415
1888 1992
3328 4370
4380 4715
2110 3824
443 1314
3231 4670
3702 4455
646 4560
326 951
2934 3985
1822 4653
1328 4999
2061 4328
3051 4830
3095 3104
1553 4139
3124 3705
1843 3742
3740 3986
2223 4522
1645 4283
2663 3236
2596 4667
2171 3793
2932 4683
2266 2407
2500 3255
2240 4108
4229 4462
96 183
1836 4991
2771 4909
3667 3718
495 1166
658 4338
393 3851
2036 4814
2759 4565
2260 4013
273 386
2989 3264
91 1565
976 2767
3695 3953
118 1265
1094 2876
823 1366
207 2924
2431 4728
992 1462
424 3173
2614 4637
1456 3436
2134 3880
2176 4908
495 3395
1873 3682
277 4618
4255 4979
1367 4242
2677 2961
758 1608
2643 3461
1032 3002
1151 1526
1139 4621
1831 4831
1161 3292
397 2528
349 1562
78 1605
65 1678
1031 4072
1541 2448
2559 4321
2942 3720
1247 2850
763 4690
2687 4327
1004 1494
1917 2752
199 2034
2163 3457
919 4794
2643 3163
111 4757
839 2611
2629 2940
1098 2827
1751 4949
106 4392
3591 4583
3025 3370
250 4487
648 4153
426 1702
1465 2496
354 853
2253 4195
2016 2218
2108 2664
717 3064
3805 3885
656 3641
15 4982
20 1992
2844 4516
30 1725
802 3634
265 4287
3302 4875
2938 3724
2609 4018
2178 3095
1735 3375
1506 3675
9 1702
120 2417
1014 2273
2147 4018
1037 1436
76 3214
1047 2617
707 1360
3061 4275
3276 4759
1865 2344
1909 2846
462 3292
324 4308
667 4583
210 1031
3184 3708
2008 3669
241 4667
1711 2106
929 3524
3027 4668
3375 3903
445 1210
385 4320
2648 4614
4280 4887
3752 4241
2698 3993
337 4446
3138 3443
1227 2516
2484 3426
2349 4165
130 1822
589 4409
556 3961
2560 3217
2405 3206
1229 2637
690 4139
3754 4390
738 4784
544 1813
2613 2666
4161 4638
253 3610
542 2590
1980 4907
3811 4069
528 3786
1664 4215
896 1369
1896 2053
2014 3139
728 2148
1718 2853
573 2899
1869 4385
3788 3882
2788 4602
1639 2340
702 1788
578 4202
86 2354
571 2927
1891 4451
1368 1975
1577 3417
3376 4952
2620 4899
93 3198
2754 3170
656 1949
276 2383
799 3375
3440 4111
2299 3158
1035 2099
399 3101
483 3042
2525 2633
1077 2316
1033 4124
1209 4891
1404 3221
3304 3790
1831 2070
2771 4598
429 4417
4451 4564
40 4260
1518 3672
247 2726
1460 3269
1690 2584
4240 4433
3000 3641
337 2976
646 4930
394 4888
672 3978
822 4633
2821 3075
765 4884
778 1318
708 3924
230 521
3097 3561
3491 4821
789 3742
846 3041
730 1844
2715 3452
3365 4775
2669 2992
1751 3457
2015 2802
549 4415
139 4329
2780 2975
462 2832
680 3874
1688 3348
1585 3438
2172 3658
181 811
1622 2195
3640 4160
3488 3882
478 2675
1859 3313
269 2538
1746 1746
403 994
2279 4098
1565 3584
2505 3423
2646 2951
296 4177
2416 3406
2450 2476
248 4239
1491 2343
1856 4137
4572 4870
1216 1941
97 4885
3291 4229
1381 3864
737 3308
670 2336
14 1740
876 2314
606 1869
1068 4092
1033 3668
1285 3636
3520 4672
1597 3162
1423 1633
803 3511
1928 2824
2728 4156
1271 2095
2146 2248
2692 3255
3274 4566
3201 3724
1234 3647
544 1883
1420 2475
3392 4593
4668 4693
602 1592
2185 2248
3461 4213
1095 2712
2366 4005
818 1424
250 619
212 2238
3282 3641
645 3884
1099 3015
616 1101
1350 4714
951 3797
220 1142
1761 1768
357 1821
461 3324
1607 4704
1938 4058
471 4685
471 3163
2877 3957
903 3172
2795 3205
359 907
319 2171
333 544
2396 3292
2349 4316
4001 4334
1133 3557
237 1211
496 1907
1857 2181
1824 4048
3363 4252
3585 4172
3185 3785
497 2179
2905 4298
1011 2874
1132 2638
1391 4933
3980 4792
3546 4241
267 4043
1049 2433
2224 4340
3367 3425
1687 1912
402 1953
2541 4358
1218 4466
2421 3076
694 2103
2270 2291
3003 3109
21 1287
4107 4828
2912 3321
731 3059
1168 1447
1125 2540
1217 2159
312 2494
3011 3096
2768 3328
3955 4210
2269 3134
1121 4788
2327 3665
823 3598
1771 4895
1570 2809
3530 4891
4020 4524
1391 3062
3624 4329
2031 3394
2058 3854
3803 4357
603 2880
2062 3722
1030 1480
2242 3700
396 4581
472 1055
4448 4481
737 3489
984 2776
194 3879
1664 2868
3353 3973
252 1773
3953 4938
4000 4689
3816 3840
733 1665
1895 3399
1366 4910
235 677
2397 4718
1664 4258
1381 2346
4119 4664
2922 4745
2892 3932
267 3623
4628 4885
638 1886
2 4702
1970 4276
3327 4377
1750 2570
3628 4740
2673 4608
1952 4418
797 2162
3386 4805
432 3777
1328 4165
1381 2299
3093 3332
3698 3864
298 3492
1257 2453
2581 2708
3151 3438
2602 4247
2525 4395
1168 4857
1715 3900
437 4807
68 2086
225 4390
2097 4795
2835 4157
2109 2337
1474 4813
2155 3996
1768 4643
1839 3344
1674 4857
549 1040
979 3123
660 4070
1715 3216
3622 4716
997 4188
817 1078
2842 3216
1450 2730
1258 2605
727 2481
2855 3588
3326 4372
439 4551
90 1947
1846 4828
873 3743
372 2663
1287 1933
1871 3960
1208 4913
2109 2473
374 2077
2171 3062
135 2598
261 3167
604 1858
2342 4244
3837 4212
477 731
1157 2227
1832 4177
2790 3444
4152 4299
1342 4497
1813 1939
2046 2979
1915 2533
208 229
758 2113
3045 3391
1834 4452
1834 4699
1638 4274
169 4998
2031 4044
1194 2036
1203 2311
1474 4192
1035 1752
1250 3473
3868 4504
1239 3280
2735 3770
2072 3142
334 3209
515 4826
1330 4712
2986 3884
4427 4957
1316 4310
1651 3332
3093 4332
3242 3993
92 3877
1025 4033
477 1889
394 3226
1723 4451
741 1117
652 1607
3741 3853
3576 3833
4009 4586
2977 2978
176 1051
360 4958
3811 4579
2387 4100
3267 4852
1223 1357
692 4467
3797 4143
1070 3928
1445 3085
353 4588
503 2262
1505 2597
990 4558
914 3177
635 2213
191 2678
2697 3179
3459 4452
4705 4903
2045 4241
383 4951
1089 4262
171 1646
1174 3430
642 2437
2969 3553
1529 4704
487 3874
2742 3971
350 2872
1661 4828
3590 4856
126 3100
367 4359
4062 4980
922 3247
1297 1762
2106 4021
751 2455
2410 2411
99 3278
135 224
203 3095
2310 2476
585 2878
333 2913
97 3966
2552 3433
693 4429
2863 4355
3 2376
2210 3635
3937 4146
1832 3197
3514 4202
1712 2010
565 4902
1399 4007
1027 2091
2797 3042
1770 3890
3876 4152
175 3979
1016 4955
3234 4802
1811 4243
22 4945
4308 4802
4149 4946
2988 3462
2448 4757
87 2579
670 2623
2975 4716
1749 2283
975 4184
1422 2700
609 3995
1561 3728
1127 3235
1794 3870
377 805
2430 2496
2988 3063
1791 4716
1329 4548
1163 3139
1528 4237
447 2723
1507 3592
1025 2992
487 3145
1207 4806
873 3475
129 4055
3545 3908
508 4048
1361 2211
323 4414
1712 4522
3143 3902
772 3650
273 661
2367 2938
177 2689
1117 3175
4717 4906
526 3990
3425 4557
3597 4744
2765 3601
2846 3882
2088 2843
765 1558
2320 3005
1205 3149
2701 4747
683 2477
1078 2900
2192 4799
32 556
14 2119
3676 4021
1420 2990
3101 4636
1754 3201
2221 3114
2503 2825
196 2519
3740 4486
3475 4707
2560 3498
1667 4764
361 4015
3913 4215
1734 3448
179 603
1064 1506
899 2050
406 1880
2340 4911
1735 4690
292 4636
407 3265
1122 4983
2074 4828
1093 2000
3806 3901
3804 3882
781 3367
385 2197
2917 4345
2063 4891
971 3200
278 3714
606 4560
1814 4409
686 3656
2437 3108
1474 1790
3986 4569
2294 4723
115 3923
1154 4908
864 4025
1475 2513
28 145
1520 2884
2545 2986
2205 3699
1890 2808
159 2094
614 733
1110 2112
976 1477
3319 3563
3388 4838
2824 3253
27 933
983 2068
2286 3942
3529 3572
803 4376
1964 2396
1381 4533
1859 4179
3255 3732
2086 2113
1207 2102
1856 4277
756 1158
3948 4071
3604 4636
3582 4768
3499 4886
950 3188
4164 4678
3142 4603
168 1627
3148 3376
1370 3010
646 2035
3849 4205
1970 3822
1456 2485
86 2992
2586 4518
1509 2578
953 4840
3654 4637
4302 4867
3649 3977
706 1970
806 2648
1992 3513
1761 3050
1979 3410
3249 4621
629 2932
1606 2450
489 597
1585 4748
2443 4615
1268 3148
1660 3741
984 3259
2244 4097
3717 4639
2475 3023
2719 4059
1296 3736
83 2361
2809 2995
3432 3463
694 1604
2440 3963
1680 3249
1770 4307
3648 4578
2690 3973
1230 4117
1075 1575
3178 3897
217 3264
2302 3500
4299 4914
382 1177
777 1456
4249 4988
1358 1506
610 1205
3580 4263
371 840
776 3858
35 1816
3965 4137
810 4892
1855 4190
394 2919
2033 3816
2826 3449
3658 4806
1621 4953
1110 3692
2613 4652
4635 4684
514 2896
967 4694
290 3404
1857 2548
1316 4892
1361 2451
930 4480
1302 2636
531 3010
2551 3167
1200 4869
3503 4501
2780 4138
1685 4803
487 988
1358 3902
145 2650
1452 4025
493 2382
391 1158
3819 4294
514 2183
624 4017
2942 4755
2095 2542
4595 4780
33 1596
4430 4833
990 3527
901 1173
3847 4719
20 360
1466 2204
445 3560
1508 4340
1107 3792
456 818
536 2924
254 4302
1983 2953
1508 2553
3218 3448
1944 3662
490 4867
1971 4938
2909 3848
239 1123
974 2163
612 2862
2348 3145
698 1467
1266 3855
1459 3915
3928 4625
843 3402
1363 4048
2563 4164
474 3688
1549 4000
581 1033
2499 4390
1544 3765
809 1823
3099 3559
572 2479
1691 3950
3543 4586
2761 3807
2094 4351
262 4545
707 1379
209 4478
26 2727
2435 4858
271 4597
1462 3313
1705 2098
3190 3265
2445 3216
85 4879
205 4695
3007 4982
618 3066
4282 4331
3488 4136
977 1415
2222 2885
2452 3320
219 3892
226 2453
471 4578
3588 4845
3572 3803
609 4205
3340 4141
1863 4387
3624 4182
2904 3702
2506 3170
4099 4481
3 4329
2438 3590
1569 1640
1153 4783
2665 4375
899 1921
1401 1934
1262 4997
1344 1786
881 2422
696 1856
2976 4180
819 4462
81 896
678 4549
1901 2585
2590 3599
686 2604
2681 3299
84 3936
144 4756
442 2176
1694 2617
2993 3874
1350 2431
69 4564
2546 3150
555 1471
853 2424
182 4920
3889 4643
977 2942
779 4949
2153 4676
1717 3474
897 2337
2257 2569
657 2497
729 4783
839 989
2374 4160
920 4711
1011 4731
413 3051
3169 3917
2416 4885
3806 4639
3520 3720
3713 4248
2976 3248
1431 4678
4080 4391
1203 3195
608 2205
1674 4413
793 2986
2651 3281
599 3005
1087 3979
3561 3605
1779 3853
3190 4145
3548 3923
2607 4153
3131 4575
1563 4204
531 1237
4147 4476
1420 2708
1721 2424
1347 2194
1822 4888
4091 4620
2360 4736
1397 4243
1120 1471
530 829
981 3892
1468 4823
2246 4986
2179 3189
4809 4944
1197 2591
4357 4635
1076 1828
719 2986
513 2545
3843 4690
1093 1153
3629 4595
2580 3148
1556 4347
3144 4949
3849 4492
1974 2899
1274 4113
59 1794
601 2639
800 2520
109 4648
1713 1750
337 3692
2514 3717
717 3361
1154 1727
599 3669
2952 3961
4082 4664
15 770
838 4219
1195 1710
70 144
465 3263
932 2420
4147 4985
389 1097
57 4692
839 4692
708 2119
985 3885
2765 2879
3258 4393
1102 3879
4022 4452
4471 4997
1537 3123
4171 4669
2713 3287
2959 3815
672 2025
2021 3984
626 2313
139 490
1061 1674
1959 2767
2436 3398
366 2481
767 1334
3245 4284
470 4152
3987 4549
4358 4955
89 1979
4346 4881
1135 3133
818 4996
1163 4022
1307 3006
498 3690
626 3977
2457 4446
2589 3154
2638 3956
3328 4807
1818 3376
3869 4332
2629 4367
202 315
1869 3234
182 3357
2312 3097
3171 4171
1143 1231
1949 2202
2516 3771
1019 2150
3390 3741
1569 2065
4328 4398
2952 4295
381 622
1745 2844
816 1725
296 3841
1130 2244
2890 4282
1910 4081
899 3658
445 3039
12 2842
71 2590
2782 4483
1366 1718
914 2687
1344 2783
1005 1788
791 2632
22 4924
8 1183
100 2119
3251 4452
2156 4124
4009 4852
281 4403
1938 2822
111 606
1203 4784
2612 2895
3326 3692
57 602
3141 4624
1467 1613
1790 3119
918 2424
988 1826
1258 3352
259 2724
842 921
1988 2048
838 2838
4292 4721
3043 4859
1100 4797
1736 3661
2060 3625
2039 3723
1935 2876
1746 4368
3263 4408
1543 2527
2092 3995
1351 4527
342 494
2075 4798
3617 4009
1625 3999
3346 4444
1018 3373
2899 4299
1144 2368
2854 3241
233 1289
1672 3410
1093 1412
1775 4068
1246 3360
331 2459
222 2241
1766 2283
2179 2783
3527 4776
898 1507
2480 3095
2057 4152
161 3184
1819 2923
559 3279
3054 4930
122 1518
1305 3967
1372 1566
4424 4814
183 1316
54 2087
271 702
463 4823
3020 3462
304 1720
4388 4422
1509 1838
2539 4441
1007 3131
1571 2515
745 929
464 984
3025 3324
747 1329
1093 3620
865 3571
685 4169
1450 3254
175 778
3114 3575
313 2286
349 1535
1917 4470
197 2278
1408 2295
915 1149
878 4642
2450 3991
1277 1727
1075 2509
9 1086
1643 1842
2302 4748
90 1211
2937 4751
2105 2404
881 1282
2488 3586
8 1776
805 872
1820 2402
1775 2460
3043 4661
306 387
98 4145
920 3659
4078 4753
2154 4449
1446 2249
2431 4176
3205 3334
3141 3510
2654 4044
4696 4925
169 2616
630 910
2890 4264
3440 4861
2005 2996
1505 3266
434 2716
1284 1954
2119 3856
2810 2890
1649 3084
983 4162
146 2838
2898 3807
2556 3331
1637 4556
1583 4729
859 3683
2016 2605
2666 2849
687 3674
1062 4163
3147 3959
384 2863
434 2621
2349 4925
1222 4560
2164 3411
549 3238
1086 2658
1331 4566
849 3745
2703 3049
1048 2696
2973 3343
913 4708
1359 3262
2821 3238
4466 4607
1772 4546
3946 4930
276 4474
968 1494
782 3232
1493 2185
1775 2140
3353 4774
3322 4592
372 2787
216 1490
1194 2535
766 1888
467 3611
1972 2890
2481 3979
2662 4399
2894 3114
743 2222
3665 4977
3863 4389
1277 4858
1832 4629
1539 3865
1375 3505
119 750
818 3783
569 2094
1825 3807
2671 4044
86 1866
2384 3779
2076 3487
901 3653
2814 4838
2638 4189
617 4812
1759 2575
462 3383
1870 2357
1009 2537
3726 4122
714 3419
4582 4999
4116 4527
370 1222
1120 3101
470 4705
3826 4823
1348 4195
3966 4836
1186 2062
557 3888
109 969
699 927
717 3537
2118 2200
3256 3809
3391 3451
3349 4454
1705 4486
1662 2027
2531 3122
3654 4927
2190 3262
1399 1675
125 1315
627 3474
1247 3824
1927 4260
54 4471
925 4229
4192 4242
3201 4779
3252 4319
1462 1696
2872 3627
2869 4323
591 605
383 1499
2170 3791
322 4987
2189 3016
1063 3526
901 949
4647 4862
3999 4531
206 1027
3089 3219
1749 2508
239 2339
1184 3760
1775 4155
2680 3372
1120 4635
792 1437
128 2693
1142 2609
1149 4268
403 3471
3105 4225
2162 2874
3175 4031
468 2573
265 318
812 2669
1658 4269
2572 3296
1677 2974
847 1222
572 4187
1760 3136
2911 3517
4301 4860
2376 4136
3922 4574
4522 4526
3382 3411
3653 4755
639 3924
817 3009
3497 4641
1078 3192
1758 4999
233 3879
832 990
752 4515
621 4213
2993 4405
751 2957
40 1568
1019 1117
458 2776
271 4052
357 3724
1130 2540
1752 1817
1221 3103
3346 4745
2729 3539
2911 3479
2330 4302
418 2509
2475 4237
4361 4996
1735 3721
802 4463
2 1135
371 3638
3762 4070
2359 2618
3432 3724
1534 4512
2514 3940
75 2966
1604 2515
1343 1797
2994 4267
1551 4516
576 676
765 2103
1614 4395
2119 3650
295 3582
2376 4641
175 750
1425 3487
480 2103
2189 4907
1193 3064
725 4144
3784 4159
3854 4769
1462 3477
1066 1103
4432 4843
1452 4306
349 3572
3598 4614
3830 4198
3341 3558
2716 4554
357 3477
2435 2624
308 4646
766 1199
3989 4681
583 1407
1249 3896
3665 4901
4098 4887
3399 3791
2267 2511
134 3755
1921 3998
1572 1652
704 3484
2747 4368
1862 2482
367 1242
984 1240
1276 4171
42 4596
2477 2795
4332 4651
1121 4770
666 4013
2351 4459
2051 4268
1072 4678
1236 2814
1906 2629
2407 2569
1743 4666
2252 3217
1011 1028
678 4728
850 1694
706 1798
2134 4409
688 1923
903 3496
1064 1588
4306 4661
3809 4105
2254 3506
274 1214
2224 3505
427 720
2237 2911
10 567
2154 3440
211 3778
1707 3715
830 3637
449 4833
552 4784
2389 2788
1374 3750
954 1488
1554 4880
1077 3961
307 3947
890 4284
469 2867
160 3047
2406 4865
1827 4931
1418 2746
1792 4324
3059 3845
3682 4057
338 1710
1302 4765
1373 4072
3035 4516
2385 2805
1789 2805
3354 3478
3243 4929
1430 2104
332 2977
1520 1795
3698 4975
739 3175
1012 3094
3391 4028
2362 2550
2380 4256
2863 3136
435 3751
2277 2400
1435 1602
1144 2405
4444 4539
645 3465
3543 3805
3377 3419
2337 2373
2714 4600
1706 2270
631 1973
2505 3203
2568 3047
3304 3730
1160 2135
3997 4235
2648 3594
3513 3970
1621 2889
1797 4022
4177 4745
564 2376
3292 3615
347 692
1138 1329
1964 2662
2605 4251
2869 4007
968 2956
1064 1925
270 1704
2085 2716
1053 1560
3190 3225
1339 3068
2983 3826
298 3182
2484 3383
2526 2644
911 1611
1777 2529
3383 4335
2440 3160
2845 4315
4265 4296
678 2182
324 625
384 1344
2494 4392
2830 3900
2444 3788
2108 3438
2070 2423
1795 2640
2646 3340
2014 3293
1497 2764
1143 1967
2036 2907
2325 4452
4169 4684
3282 4765
950 2350
2141 2256
2053 3722
2206 2729
191 648
1926 3549
1531 2052
237 755
2243 2722
2782 3018
2807 4512
2670 2834
3694 4720
368 1118
3631 4448
2352 2997
1468 2602
2314 3629
457 3156
696 4068
589 2201
2812 3257
3514 4422
745 2138
3079 4142
1247 2301
3265 3320
2418 4684
644 1043
1633 1762
710 2825
1072 3907
1947 2583
3254 3878
2710 4596
1229 1795
1619 2255
1851 2178
2212 3004
3079 4359
1510 2459
3222 4711
187 1336
505 914
1005 1102
1257 1749
2585 3338
2960 3631
3158 3659
1565 2177
3369 3634
1795 3401
2432 2862
230 2661
2330 3216
2959 3188
2611 2954
1054 2653
1389 3296
3258 3400
1528 1957
1216 2075
2378 2552
573 4447
2002 2858
1874 4092
2070 2695
70 2959
1848 2901
2340 4455
2711 2784
1666 1978
2335 3847
931 2191
3255 4222
171 933
3939 4327
3133 3166
438 3329
2486 4083
1676 4640
1602 2039
1691 4133
1136 2592
2418 4754
802 3398
1739 2009
1419 3504
3447 3925
2780 3726
3202 3521
498 3064
1132 2330
3874 4371
2634 2858
2191 2281
2289 3429
1722 2043
3516 3848
3164 3308
2178 3039
3923 4756
1648 2456
408 812
1976 3811
774 1362
1427 3236
1650 3196
263 2061
1615 1915
3038 4645
1814 2464
1443 3246
3488 3778
3158 4726
3798 4331
1413 1997
2047 2057
2224 3607
3017 4627
497 3506
3937 4359
4193 4552
904 1192
1760 1934
1980 3429
2511 3436
1701 1897
3061 4012
747 1622
1430 3298
2857 3628
620 2237
2428 2688
1897 3838
2429 3416
154 3917
2836 3684
2333 4830
3462 4890
1877 1932
656 674
2040 4019
3071 4507
1487 4446
2707 3678
288 3418
1323 2347
4027 4106
1701 2499
1615 1928
2647 3970
1010 3508
1942 2429
775 1022
254 1028
429 761
1148 2753
1605 1661
2441 2502
2423 3237
940 3417
1069 2994
1566 2513
2403 3261
2763 4328
3148 3635
281 1247
1403 2523
909 1450
1361 3054
3672 4130
822 3886
1265 1746
3099 3477
1744 3820
2440 2815
297 3591
3520 4430
3737 3925
1568 2044
1349 3348
2663 3391
1487 1877
621 883
806 2738
1948 2568
2294 2541
923 1218
4041 4254
4442 4540
980 1653
2957 3633
1337 2735
1658 2037
2157 2927
1966 2278
1099 3486
1693 2075
2990 3559
809 3682
2359 3037
1246 1898
1324 2326
1161 1344
2467 3852
334 2040
1174 2256
2880 3677
547 704
1694 1817
3147 4441
689 1250
4016 4268
802 3077
2978 4091
2002 3962
1146 1903
2644 3251
2362 2771
2375 3136
1130 3072
2834 3997
1781 4033
3629 4488
1691 2981
2607 3539
2799 4618
565 3603
1833 2505
1791 3453
337 549
1435 2729
1128 3287
2367 3315
1156 1904
940 1736
2552 2992
1245 2903
3087 4164
3865 4477
3344 3431
2207 3570
487 2082
2685 3476
563 2767
3146 4073
593 959
1028 1462
1775 2196
3304 4181
1798 4728
3517 3794
3514 4104
752 2085
677 1414
2066 3963
2649 2924
2445 4312
1256 2282
975 3795
3069 3394
1184 2782
4051 4259
2482 3765
3406 4373
1626 3873
1691 2597
2765 3369
639 1846
1874 4292
300 2951
2740 4155
1681 2272
1052 1880
1106 2060
2893 3341
2233 2605
2583 3705
1468 4050
2343 3943
567 781
758 4167
2711 4015
2934 4029
1006 1908
1803 3012
1830 4187
1147 3716
1488 3909
4520 4777
2676 2973
1700 3188
791 1516
1982 2125
1665 4310
1980 3491
191 1661
767 3771
516 625
3117 3778
1127 3791
2102 2792
2181 2676
928 1348
1174 1704
543 1333
3068 3157
1782 2294
602 3822
2584 4243
1389 1825
585 1140
2213 2268
1002 1051
1616 3337
2436 3752
624 1263
1595 3895
1894 2014
2440 4072
1698 1725
2363 3785
1760 4809
534 2108
2777 3922
3156 3206
1957 2391
3209 3941
3658 3830
897 1967
2162 2730
1976 3125
2784 3207
973 1623
1259 2250
2412 3428
3571 3911
2034 2268
2791 3083
2702 4054
669 715
3453 4252
1625 3176
2726 3201
3403 4646
2107 2751
3253 4124
1762 1852
507 2383
519 1440
1177 2037
222 4129
2029 2780
4014 4783
2293 2294
2278 3801
753 766
2324 2885
1339 1772
1044 2998
4137 4808
710 3248
2267 2441
825 1436
2085 2679
1461 1735
1054 2801
2500 2782
859 2125
3917 4127
2111 3216
1847 3120
2876 3844
3677 3729
756 1527
847 4414
3441 3631
904 1224
866 1291
2133 2998
887 2093
784 3560
1301 1999
2928 3408
1989 4466
3770 4191
2746 3621
4145 4267
1050 1856
1580 2858
800 1299
2905 3185
827 965
1474 2589
2628 4043
332 3924
822 1952
3803 4568
3821 4208
1210 2382
990 3037
4326 4706
1435 3458
2321 2825
736 900
1778 4098
1350 4107
2558 4335
2805 4102
482 1063
3426 3641
2750 3137
1382 2538
1853 3597
1046 3780
1288 3062
1201 1617
3494 3691
3301 4159
1248 3777
2434 3554
3720 4466
2891 3917
892 2545
2177 3732
1403 3487
3233 3973
2700 3929
1389 3422
1290 2298
516 3256
1595 2613
1268 1864
873 3596
898 3122
488 2843
2131 2525
2742 2785
334 3075
1463 2045
1970 2878
2481 2680
3204 3604
1901 2323
643 1018
1249 2721
3633 4535
924 2360
3109 3892
574 2703
394 2160
2527 3756
1685 4040
2746 2844
1878 2617
3059 3579
986 1889
1570 3035
1608 4429
2893 2958
3741 3747
1155 1866
1934 4311
265 743
2495 2742
1895 2344
547 632
2454 2685
805 1993
1802 3586
1826 3873
1610 1818
1147 2712
2261 2871
2150 3049
1029 3031
852 2288
2314 3852
1754 2874
769 1557
2957 4432
2196 3032
1717 3680
939 1555
1716 3456
2774 3344
850 1460
610 2906
1152 2934
2098 2192
2072 3230
2007 2815
798 828
1972 3306
1743 3714
1597 4239
2534 4276
1064 1704
1286 1863
3712 4100
1285 3261
410 728
2272 2583
2641 4049
3326 3735
321 3876
2603 3913
1345 2817
2936 3372
652 3180
1557 4052
1472 1975
510 1288
1319 2216
774 1457
2275 2440
2138 4009
4145 4359
3183 4320
1721 3148
3528 4823
3798 3868
1049 1690
2272 2984
2827 3875
1356 1383
1465 2423
4014 4293
714 3117
1061 1188
1542 2058
3547 3977
1649 2564
2715 3400
2204 4332
733 2169
1992 3328
4370 4380
1314 3231
951 2934
2407 2500
4108 4229
183 1836
386 2989
2767 3695
1608 2643
2448 2559
1494 1917
2034 2163
2611 2629
853 2253
3064 3805
1992 2844
1360 3061
1031 3184
1813 2613
2666 4161
1369 1896
3375 3440
3221 3304
2070 2771
4417 4451
2584 4240
521 3097
1844 2715
811 1622
2195 3640
994 2279
4137 4572
2095 2146
2248 2692
3255 3274
2475 3392
4593 4668
1592 2185
2248 3461
2238 3282
1101 1350
1142 1761
544 2396
2179 2905
1953 2541
2103 2270
2291 3003
1287 4107
2494 3011
3328 3955
2809 3530
3062 3624
1480 2242
1055 4448
2868 3353
1773 3953
1665 1895
677 2397
2346 4119
3623 4628
2570 3628
2162 3386
2299 3093
3332 3698
2453 2581
2708 3151
3216 3622
1078 2842
2481 2855
2077 2171
1858 2342
731 1157
3444 4152
1939 2046
229 758
2113 3045
3473 3868
3884 4427
1607 3741
3833 4009
2678 2697
3179 3459
4452 4705
2437 2969
1762 2106
3635 3937
3197 3514
2091 2797
2623 2975
805 2430
2496 2988
661 2367
3175 4717
1558 2320
2119 3676
2990 3101
2519 3740
603 1064
1880 2340
2000 3806
2197 2917
1790 3986
145 1520
733 1110
1477 3319
933 983
2068 2286
1158 3948
3188 4164
1627 3148
2035 3849
597 1585
2361 2809
2995 3432
1604 2440
1575 3178
3500 4299
1456 4249
1205 3580
1816 3965
3449 3658
988 1358
1158 3819
2542 4595
1596 4430
1173 3847
360 1466
2553 3218
3915 3928
1033 2499
1823 3099
2098 3190
3066 4282
1415 2222
3170 4099
1856 2976
2585 2590
2604 2681
2617 2993
989 2374
3051 3169
1237 4147
829 981
3189 4809
2591 4357
2545 3843
1153 3629
3961 4082
770 838
144 465
2420 4147
2879 3258
3879 4022
4452 4471
3123 4171
490 1061
1674 1959
1334 3245
1979 4346
3376 3869
315 1869
3097 3171
1231 1949
2202 2516
2150 3390
2065 4328
622 1745
2244 2890
2590 2782
2119 3251
606 1203
2895 3326
602 3141
1613 1790
921 1988
2838 4292
494 2075
2368 2854
1289 1672
1412 1775
2783 3527
1507 2480
1566 4424
1720 4388
1838 2539
984 3025
778 3114
1535 1917
1086 1643
1842 2302
1211 2937
1282 2488
872 1820
2460 3043
3659 4078
2249 2431
4044 4696
910 2890
1954 2119
2838 2898
2605 2666
2696 2973
3238 4466
2140 3353
2222 3665
750 818
1866 2384
2537 3726
3419 4582
2200 3256
2027 2531
3122 3654
1696 2872
1499 2170
949 4647
1027 3089
2874 3175
318 812
3517 4301
3411 3653
3009 3497
3103 3346
4237 4361
3638 3762
2618 3432
1797 2994
676 765
750 1425
2103 2189
1103 4432
3572 3598
1199 3989
1240 1276
2795 4332
1798 2134
1588 4306
1214 2224
720 2237
567 2154
1488 1554
2805 3354
1795 3698
3094 3391
